1 3
5 6
6 7
7 8
4 9
10 11
8 12
5 14
9 14
2 16
9 16
5 17
14 17
8 18
15 18
15 19
0 20
14 21
16 21
3 22
9 22
13 23
17 23
7 24
12 24
20 24
20 25
23 25
9 26
12 26
20 26
1 27
20 27
24 27
13 28
15 28
16 28
19 28
22 28
24 28
26 28
16 29
20 29
0 30
3 30
5 30
10 30
21 30
10 31
12 31
28 31
30 31
3 33
8 33
22 33
29 33
3 34
26 34
2 35
17 35
20 35
14 36
16 36
17 36
18 36
31 36
11 37
21 37
33 37
36 37
3 38
8 38
12 38
23 38
30 38
31 38
7 39
32 40
35 40
10 41
12 41
19 41
21 41
32 41
33 41
40 41
0 42
7 42
13 42
30 42
34 42
40 42
3 43
12 43
13 43
30 43
7 44
11 44
15 44
25 44
43 44
9 45
35 45
9 46
38 46
44 46
3 47
23 47
36 47
0 48
23 48
37 48
42 48
45 48
6 49
13 49
17 49
22 49
24 49
34 49
21 50
37 50
42 50
9 51
32 51
34 51
45 51
12 52
20 52
21 52
28 52
4 53
5 53
15 53
24 53
25 53
28 53
10 54
16 54
51 54
1 55
4 55
12 55
18 55
19 55
20 55
3 56
18 56
26 56
29 56
41 56
43 56
45 56
53 56
11 57
12 57
26 57
29 57
31 57
35 57
36 57
48 57
55 57
5 58
6 58
33 58
54 58
20 60
23 60
43 60
59 60
2 61
3 61
9 61
12 61
27 61
39 61
40 61
51 61
2 62
5 62
8 62
16 62
39 62
3 63
11 63
18 63
21 63
25 63
35 63
43 63
49 63
17 64
47 64
0 65
35 65
39 65
60 65
1 66
14 66
29 66
44 66
56 66
59 66
9 67
12 67
21 67
26 67
45 67
51 67
54 67
59 67
5 68
50 68
13 69
14 69
23 69
28 69
42 69
44 69
56 69
60 69
61 69
62 69
3 70
5 70
18 70
27 70
34 70
45 70
61 70
6 71
12 71
21 71
22 71
26 71
27 71
35 71
40 71
41 71
52 71
64 71
66 71
23 72
26 72
28 72
30 72
41 72
49 72
54 72
55 72
59 72
5 73
17 73
21 73
29 73
40 73
69 73
25 74
27 74
28 74
29 74
38 74
44 74
51 74
59 74
3 75
7 75
12 75
32 75
42 75
53 75
59 75
66 75
21 76
33 76
55 76
60 76
63 76
66 76
68 76
70 76
0 77
15 77
17 77
20 77
25 77
29 77
44 77
55 77
60 77
71 77
75 77
4 78
24 78
34 78
53 78
54 78
56 78
59 78
61 78
71 78
75 78
0 79
13 79
15 79
17 79
22 79
47 79
65 79
2 80
11 80
31 80
38 80
39 80
55 80
63 80
74 80
78 80
12 81
54 81
60 81
63 81
80 81
11 82
17 82
22 82
35 82
48 82
56 82
70 82
73 82
74 82
5 83
16 83
34 83
35 83
40 83
65 83
4 84
6 84
11 84
26 84
31 84
43 84
59 84
70 84
14 85
39 85
45 85
57 85
61 85
75 85
83 85
21 86
37 86
40 86
63 86
72 86
79 86
85 86
5 87
7 87
13 87
23 87
24 87
29 87
32 87
35 87
36 87
61 87
65 87
78 87
79 87
3 88
11 88
15 88
22 88
29 88
42 88
45 88
49 88
51 88
52 88
58 88
62 88
68 88
80 88
85 88
30 89
34 89
38 89
39 89
42 89
56 89
60 89
65 89
67 89
80 89
3 90
41 90
60 90
88 90
1 91
18 91
19 91
27 91
30 91
32 91
35 91
41 91
53 91
54 91
66 91
88 91
9 92
33 92
34 92
35 92
36 92
57 92
75 92
12 93
41 93
45 93
50 93
55 93
68 93
69 93
81 93
82 93
90 93
2 94
4 94
11 94
17 94
24 94
26 94
39 94
42 94
49 94
55 94
71 94
75 94
76 94
78 94
2 95
5 95
12 95
14 95
21 95
36 95
51 95
52 95
64 95
68 95
73 95
80 95
94 95
0 96
6 96
17 96
23 96
56 96
67 96
94 96
6 97
19 97
29 97
30 97
34 97
49 97
53 97
56 97
58 97
60 97
67 97
70 97
78 97
80 97
82 97
85 97
7 98
15 98
16 98
23 98
26 98
30 98
46 98
52 98
60 98
66 98
72 98
90 98
95 98
5 99
12 99
17 99
20 99
46 99
53 99
59 99
68 99
69 99
79 99
80 99
94 99
20 100
54 100
63 100
67 100
77 100
82 100
87 100
6 101
8 101
13 101
21 101
30 101
38 101
41 101
49 101
53 101
57 101
68 101
76 101
82 101
84 101
85 101
88 101
13 102
29 102
48 102
51 102
79 102
80 102
85 102
86 102
32 103
43 103
47 103
57 103
77 103
7 104
34 104
36 104
37 104
38 104
44 104
60 104
73 104
76 104
85 104
98 104
0 105
1 105
12 105
14 105
23 105
46 105
47 105
49 105
62 105
67 105
77 105
102 105
4 106
28 106
38 106
61 106
70 106
83 106
87 106
96 106
22 107
35 107
36 107
57 107
70 107
72 107
76 107
80 107
84 107
93 107
103 107
8 108
12 108
18 108
28 108
32 108
36 108
44 108
48 108
64 108
67 108
72 108
73 108
77 108
85 108
88 108
10 109
16 109
22 109
40 109
47 109
48 109
53 109
63 109
64 109
82 109
7 110
17 110
44 110
51 110
59 110
76 110
87 110
100 110
8 111
9 111
15 111
40 111
49 111
80 111
83 111
100 111
109 111
1 112
16 112
17 112
47 112
50 112
67 112
82 112
95 112
110 112
2 113
5 113
8 113
12 113
29 113
35 113
99 113
1 114
16 114
24 114
30 114
33 114
36 114
39 114
58 114
83 114
1 115
21 115
32 115
47 115
64 115
76 115
77 115
93 115
103 115
33 116
40 116
43 116
58 116
68 116
97 116
2 117
11 117
16 117
28 117
35 117
37 117
54 117
61 117
86 117
94 117
98 117
100 117
105 117
7 118
14 118
37 118
45 118
57 118
61 118
68 118
86 118
87 118
104 118
17 119
29 119
40 119
46 119
54 119
71 119
89 119
90 119
22 120
56 120
65 120
72 120
96 120
105 120
110 120
118 120
0 121
3 121
6 121
18 121
50 121
51 121
57 121
59 121
69 121
103 121
105 121
118 121
119 121
7 122
36 122
39 122
40 122
45 122
47 122
51 122
68 122
80 122
83 122
91 122
102 122
109 122
7 123
8 123
24 123
35 123
42 123
44 123
48 123
59 123
78 123
93 123
102 123
111 123
119 123
121 123
34 124
35 124
47 124
48 124
54 124
66 124
76 124
78 124
80 124
87 124
91 124
92 124
98 124
14 125
20 125
31 125
32 125
39 125
52 125
77 125
84 125
88 125
91 125
117 125
120 125
122 125
124 125
23 126
72 126
76 126
87 126
97 126
108 126
118 126
124 126
8 127
24 127
36 127
41 127
49 127
60 127
69 127
75 127
86 127
91 127
92 127
102 127
103 127
1 128
4 128
31 128
48 128
68 128
81 128
84 128
118 128
26 129
54 129
67 129
98 129
114 129
124 129
0 130
5 130
27 130
31 130
32 130
35 130
37 130
39 130
45 130
68 130
69 130
85 130
92 130
95 130
99 130
100 130
112 130
124 130
5 131
6 131
20 131
21 131
27 131
28 131
31 131
37 131
38 131
42 131
56 131
64 131
66 131
69 131
73 131
87 131
90 131
103 131
110 131
124 131
128 131
10 132
15 132
17 132
31 132
34 132
44 132
51 132
58 132
64 132
65 132
67 132
69 132
82 132
93 132
98 132
103 132
113 132
19 133
30 133
36 133
47 133
54 133
67 133
68 133
71 133
78 133
86 133
101 133
112 133
124 133
1 134
18 134
27 134
48 134
55 134
56 134
74 134
84 134
89 134
95 134
105 134
116 134
37 135
38 135
42 135
64 135
71 135
84 135
89 135
90 135
134 135
8 136
13 136
20 136
36 136
43 136
66 136
75 136
89 136
96 136
105 136
107 136
110 136
111 136
3 137
4 137
5 137
78 137
90 137
101 137
104 137
116 137
7 138
9 138
18 138
25 138
32 138
48 138
62 138
63 138
82 138
88 138
90 138
95 138
109 138
115 138
116 138
121 138
130 138
131 138
137 138
25 139
28 139
62 139
63 139
77 139
80 139
89 139
92 139
98 139
108 139
118 139
120 139
5 140
6 140
27 140
38 140
58 140
75 140
76 140
80 140
82 140
84 140
94 140
133 140
138 140
1 141
3 141
30 141
31 141
32 141
42 141
46 141
54 141
64 141
65 141
73 141
85 141
107 141
114 141
116 141
132 141
2 142
18 142
19 142
22 142
46 142
85 142
87 142
88 142
104 142
122 142
141 142
4 143
13 143
23 143
40 143
69 143
70 143
78 143
83 143
86 143
107 143
108 143
123 143
124 143
141 143
6 144
14 144
33 144
46 144
66 144
73 144
80 144
89 144
99 144
106 144
113 144
115 144
117 144
130 144
138 144
15 145
22 145
35 145
49 145
55 145
63 145
66 145
72 145
101 145
105 145
110 145
112 145
137 145
13 146
29 146
30 146
36 146
43 146
59 146
95 146
101 146
112 146
128 146
144 146
4 147
18 147
24 147
28 147
29 147
33 147
37 147
44 147
47 147
51 147
56 147
101 147
105 147
107 147
109 147
123 147
1 148
5 148
19 148
49 148
71 148
75 148
86 148
91 148
99 148
101 148
103 148
124 148
129 148
133 148
9 149
12 149
21 149
35 149
37 149
48 149
78 149
94 149
138 149
141 149
7 150
11 150
20 150
22 150
36 150
42 150
48 150
58 150
60 150
77 150
78 150
81 150
88 150
96 150
101 150
102 150
105 150
107 150
110 150
115 150
117 150
29 151
62 151
73 151
82 151
86 151
87 151
100 151
110 151
137 151
9 152
13 152
31 152
47 152
71 152
74 152
78 152
115 152
116 152
126 152
140 152
5 153
11 153
16 153
38 153
60 153
78 153
87 153
96 153
98 153
103 153
107 153
111 153
122 153
138 153
147 153
149 153
1 154
16 154
23 154
30 154
33 154
54 154
63 154
82 154
107 154
128 154
135 154
142 154
2 155
7 155
16 155
19 155
21 155
72 155
79 155
87 155
93 155
106 155
119 155
126 155
135 155
152 155
0 156
3 156
44 156
51 156
59 156
62 156
69 156
71 156
81 156
86 156
92 156
132 156
137 156
142 156
151 156
152 156
2 157
12 157
18 157
24 157
30 157
38 157
47 157
49 157
65 157
78 157
88 157
91 157
93 157
96 157
98 157
116 157
120 157
142 157
0 158
3 158
7 158
24 158
48 158
49 158
58 158
70 158
74 158
76 158
99 158
101 158
106 158
108 158
118 158
133 158
142 158
151 158
0 159
8 159
12 159
14 159
42 159
54 159
56 159
57 159
66 159
80 159
85 159
90 159
96 159
106 159
127 159
138 159
144 159
145 159
150 159
2 160
5 160
9 160
48 160
53 160
64 160
66 160
70 160
78 160
88 160
92 160
93 160
95 160
98 160
113 160
130 160
133 160
148 160
151 160
152 160
13 161
22 161
43 161
47 161
49 161
50 161
60 161
64 161
97 161
112 161
138 161
143 161
145 161
147 161
151 161
4 162
8 162
10 162
19 162
23 162
24 162
30 162
33 162
42 162
45 162
47 162
57 162
76 162
77 162
81 162
105 162
122 162
127 162
148 162
157 162
7 163
11 163
17 163
20 163
25 163
40 163
44 163
47 163
62 163
70 163
77 163
85 163
91 163
105 163
113 163
131 163
136 163
155 163
160 163
0 164
20 164
27 164
38 164
49 164
50 164
78 164
121 164
149 164
155 164
162 164
3 165
11 165
48 165
52 165
56 165
57 165
64 165
74 165
76 165
113 165
131 165
152 165
156 165
157 165
159 165
54 166
58 166
60 166
70 166
75 166
78 166
79 166
85 166
88 166
91 166
93 166
95 166
120 166
127 166
132 166
135 166
137 166
141 166
159 166
165 166
1 167
12 167
23 167
38 167
47 167
57 167
59 167
67 167
71 167
79 167
95 167
97 167
105 167
118 167
150 167
151 167
161 167
162 167
5 168
11 168
23 168
41 168
43 168
50 168
67 168
68 168
74 168
79 168
109 168
115 168
130 168
1 169
4 169
8 169
9 169
26 169
44 169
52 169
55 169
75 169
84 169
99 169
102 169
105 169
111 169
118 169
120 169
123 169
152 169
164 169
9 170
19 170
30 170
52 170
59 170
64 170
87 170
93 170
104 170
105 170
111 170
151 170
152 170
160 170
166 170
5 171
8 171
10 171
11 171
28 171
51 171
62 171
77 171
90 171
107 171
113 171
114 171
116 171
126 171
128 171
151 171
162 171
6 172
21 172
51 172
52 172
66 172
70 172
72 172
111 172
129 172
136 172
142 172
144 172
147 172
166 172
4 173
7 173
8 173
10 173
22 173
46 173
50 173
64 173
73 173
76 173
114 173
133 173
135 173
145 173
155 173
161 173
166 173
11 174
19 174
22 174
28 174
30 174
36 174
47 174
48 174
51 174
63 174
71 174
87 174
96 174
109 174
125 174
128 174
134 174
137 174
141 174
142 174
143 174
156 174
164 174
167 174
168 174
170 174
171 174
13 175
16 175
17 175
23 175
31 175
35 175
43 175
57 175
58 175
67 175
73 175
80 175
82 175
83 175
103 175
111 175
127 175
144 175
158 175
164 175
168 175
11 176
17 176
33 176
45 176
51 176
74 176
77 176
88 176
91 176
99 176
108 176
124 176
128 176
130 176
162 176
166 176
7 177
24 177
26 177
39 177
51 177
54 177
76 177
77 177
91 177
103 177
114 177
120 177
125 177
126 177
133 177
145 177
157 177
165 177
15 178
27 178
36 178
48 178
50 178
66 178
73 178
77 178
80 178
89 178
96 178
99 178
126 178
132 178
133 178
139 178
165 178
170 178
9 179
10 179
11 179
27 179
31 179
36 179
37 179
47 179
53 179
58 179
84 179
119 179
126 179
137 179
152 179
162 179
27 180
39 180
40 180
51 180
62 180
72 180
82 180
89 180
90 180
99 180
105 180
111 180
132 180
144 180
169 180
175 180
0 181
1 181
2 181
24 181
32 181
34 181
40 181
53 181
56 181
60 181
61 181
65 181
74 181
102 181
133 181
138 181
146 181
162 181
167 181
169 181
18 182
28 182
32 182
67 182
76 182
86 182
98 182
100 182
114 182
119 182
129 182
134 182
135 182
141 182
142 182
149 182
174 182
180 182
181 182
11 183
18 183
35 183
53 183
64 183
87 183
111 183
112 183
122 183
134 183
147 183
148 183
162 183
173 183
177 183
4 184
8 184
21 184
22 184
29 184
41 184
48 184
57 184
61 184
78 184
92 184
111 184
151 184
156 184
172 184
177 184
1 185
9 185
24 185
29 185
32 185
36 185
42 185
49 185
50 185
55 185
70 185
92 185
100 185
101 185
133 185
141 185
175 185
178 185
12 186
69 186
83 186
84 186
88 186
94 186
105 186
118 186
127 186
128 186
136 186
142 186
169 186
184 186
19 187
62 187
65 187
68 187
72 187
89 187
101 187
118 187
128 187
129 187
143 187
144 187
151 187
154 187
171 187
9 188
16 188
23 188
46 188
53 188
60 188
70 188
72 188
81 188
82 188
90 188
111 188
112 188
118 188
124 188
127 188
131 188
138 188
149 188
156 188
161 188
170 188
172 188
178 188
182 188
7 189
10 189
17 189
27 189
30 189
59 189
70 189
82 189
89 189
100 189
112 189
129 189
132 189
153 189
184 189
22 190
27 190
33 190
35 190
40 190
55 190
66 190
72 190
80 190
103 190
104 190
107 190
143 190
149 190
158 190
170 190
171 190
174 190
181 190
183 190
189 190
18 191
31 191
36 191
41 191
50 191
54 191
62 191
69 191
78 191
83 191
86 191
103 191
104 191
111 191
116 191
117 191
118 191
132 191
148 191
154 191
188 191
44 192
51 192
59 192
71 192
72 192
73 192
75 192
78 192
97 192
103 192
125 192
126 192
129 192
130 192
136 192
138 192
139 192
149 192
161 192
172 192
173 192
183 192
188 192
190 192
17 193
41 193
54 193
57 193
71 193
72 193
90 193
92 193
95 193
97 193
99 193
113 193
132 193
144 193
151 193
154 193
157 193
164 193
178 193
188 193
191 193
18 194
25 194
38 194
45 194
70 194
72 194
74 194
76 194
83 194
88 194
97 194
102 194
107 194
112 194
117 194
130 194
131 194
133 194
154 194
161 194
180 194
181 194
192 194
13 195
16 195
27 195
29 195
42 195
44 195
60 195
69 195
71 195
78 195
87 195
98 195
117 195
118 195
124 195
136 195
138 195
157 195
166 195
173 195
175 195
181 195
17 196
18 196
24 196
55 196
65 196
106 196
107 196
108 196
109 196
131 196
133 196
134 196
137 196
145 196
151 196
181 196
193 196
9 197
23 197
27 197
59 197
64 197
65 197
71 197
72 197
73 197
80 197
81 197
83 197
114 197
116 197
121 197
123 197
139 197
141 197
149 197
155 197
157 197
160 197
163 197
171 197
181 197
12 198
34 198
38 198
48 198
57 198
59 198
65 198
72 198
79 198
85 198
89 198
98 198
109 198
124 198
131 198
132 198
139 198
142 198
171 198
192 198
1 199
11 199
19 199
24 199
37 199
40 199
59 199
67 199
72 199
83 199
118 199
131 199
162 199
165 199
168 199
172 199
173 199
176 200
1 201
42 201
122 203
180 204
29 206
59 206
156 206
43 208
16 211
95 214
183 214
192 215
28 216
143 216
93 217
35 218
130 219
58 220
125 222
91 224
186 224
40 225
130 227
46 233
159 233
192 233
198 234
124 236
190 236
43 237
114 237
134 237
151 237
25 239
16 240
34 242
181 242
77 243
65 244
57 246
160 246
192 246
54 247
52 248
88 250
19 251
147 251
196 254
47 255
54 255
144 255
186 255
53 256
47 257
126 257
3 258
54 259
147 259
145 260
88 261
62 262
165 262
40 263
35 264
36 264
1 265
28 265
63 266
109 266
57 267
69 267
6 268
142 269
47 271
151 271
108 275
47 276
59 276
75 277
137 277
184 277
12 278
23 278
42 278
120 279
192 280
173 282
57 286
193 286
40 288
132 288
3 289
64 289
40 292
190 294
194 295
20 297
184 297
99 300
131 300
60 301
158 301
100 303
49 304
63 305
72 306
37 307
48 307
179 307
29 308
124 309
166 309
58 310
18 312
33 313
40 313
195 314
54 315
77 315
171 317
4 318
51 318
71 321
172 322
119 324
148 324
151 327
47 330
124 330
152 331
42 333
128 335
68 340
50 341
66 341
118 342
61 343
81 344
151 347
191 347
133 348
35 349
22 350
150 350
6 352
44 352
52 352
0 354
172 354
41 355
11 357
48 357
66 357
137 357
193 357
191 358
70 360
114 361
159 361
57 362
163 362
178 362
106 364
50 365
115 365
35 369
22 370
188 371
26 372
54 372
147 372
152 372
2 373
19 373
154 373
64 376
182 376
103 377
42 378
54 378
117 378
50 379
17 381
91 381
47 384
153 384
183 384
15 387
168 387
60 388
141 388
148 388
157 390
187 391
132 392
122 393
48 394
52 395
9 396
45 396
127 396
195 396
34 397
159 397
119 398
25 399
91 399
159 400
29 401
42 401
71 401
73 403
173 404
67 405
33 407
55 408
138 408
138 410
176 413
61 415
177 416
110 417
3 418
199 418
77 420
87 422
151 422
1 425
126 425
163 425
141 426
138 427
9 429
79 431
185 431
127 432
156 432
172 432
75 433
100 434
138 434
84 436
177 436
191 436
129 439
163 439
177 441
20 443
24 444
159 444
48 445
59 445
170 446
62 447
70 447
44 450
68 450
127 451
174 451
101 452
44 453
68 454
99 455
13 456
45 457
196 457
70 458
128 458
89 459
156 459
193 459
43 460
146 460
19 461
80 461
193 461
56 462
177 462
197 463
68 466
103 466
57 467
135 467
182 468
96 469
109 469
172 469
141 471
185 471
54 472
80 472
79 474
116 474
5 475
21 475
45 479
65 479
9 480
116 480
26 482
75 482
89 483
196 486
118 487
132 487
33 488
37 488
101 488
183 488
52 491
95 491
94 492
161 493
167 496
138 497
66 498
143 498
42 499
58 500
130 501
48 505
93 505
78 507
123 507
157 507
90 508
98 508
126 509
104 510
80 511
143 511
132 514
92 515
98 515
181 515
178 517
189 517
182 518
187 519
32 522
51 522
175 523
61 524
83 524
196 524
196 526
2 528
120 528
151 529
183 531
97 533
130 533
88 534
160 534
155 536
197 539
15 540
152 541
185 541
126 543
137 543
73 544
146 544
60 545
6 546
18 547
74 547
105 547
171 547
196 548
24 550
108 551
20 552
93 552
121 552
152 552
177 552
45 554
42 555
116 555
100 556
168 556
65 557
85 557
33 558
62 559
170 559
19 560
62 560
125 560
173 560
180 560
71 561
141 561
144 561
173 561
83 562
177 563
27 564
73 564
133 564
34 567
89 567
81 568
129 568
39 571
47 571
97 575
109 576
35 577
125 577
153 578
94 580
13 582
61 582
80 582
82 582
145 582
122 583
124 583
139 583
131 587
12 589
91 589
29 591
130 591
98 593
138 593
161 597
115 598
93 599
145 600
160 604
170 605
7 607
11 608
107 611
180 611
82 612
46 613
53 613
47 614
99 614
109 615
49 616
59 618
93 620
121 621
81 623
3 624
19 625
9 627
168 627
171 627
5 628
105 628
68 629
16 630
150 630
86 631
88 631
100 632
144 632
79 634
150 634
197 634
32 636
118 636
109 637
54 641
71 641
53 642
25 643
78 644
153 644
18 645
11 646
162 646
37 648
133 650
27 651
156 651
53 652
118 653
26 654
191 654
58 656
106 656
143 656
175 657
199 659
16 660
181 662
111 664
27 666
148 667
97 669
183 669
53 670
67 670
155 670
136 673
172 673
53 674
191 677
53 678
89 680
152 680
150 681
158 681
197 682
116 683
114 685
97 686
56 687
49 690
162 690
179 690
105 691
199 691
43 692
27 693
148 693
19 699
44 700
91 700
100 700
6 701
130 703
141 703
147 704
154 704
4 705
163 705
185 705
197 706
185 708
152 709
184 709
163 711
27 712
102 712
115 712
176 713
45 715
101 715
15 716
186 717
17 719
26 719
42 719
20 720
50 720
31 721
93 721
95 721
187 722
196 724
45 726
76 726
162 726
117 727
83 728
47 730
185 730
110 733
143 735
170 735
197 736
26 738
30 740
32 740
21 741
30 741
17 742
52 743
125 743
32 744
164 746
33 747
85 747
50 750
100 750
127 750
193 751
28 753
28 755
104 755
189 755
174 756
57 757
24 758
10 759
128 759
22 760
89 760
101 760
197 760
76 762
133 762
143 763
96 764
136 765
27 766
48 766
155 767
66 770
5 772
176 773
4 774
62 775
103 776
117 776
15 778
22 779
2 780
149 780
145 781
24 782
82 784
121 787
179 787
2 790
4 792
61 793
170 793
106 794
56 801
111 801
197 801
190 802
41 804
26 806
164 806
15 807
69 807
4 810
67 810
170 811
179 811
59 814
89 814
7 815
178 815
15 816
104 818
156 818
103 819
70 821
93 821
97 822
142 822
152 822
180 822
142 823
182 823
81 824
3 825
42 825
172 829
100 831
172 831
4 832
65 833
64 836
171 836
98 838
156 838
116 839
131 839
61 840
145 840
26 844
47 845
157 845
28 847
77 847
155 849
173 849
17 850
194 852
13 853
121 853
50 854
145 855
152 855
59 856
95 861
151 863
32 865
94 868
13 869
196 869
89 870
1 871
134 871
78 873
187 873
2 874
124 874
128 874
98 875
158 875
130 876
57 877
199 879
12 880
153 882
168 882
27 883
114 883
66 884
69 886
51 887
42 888
91 888
141 888
33 890
167 890
62 893
20 894
1 895
84 896
40 897
35 898
62 898
86 899
103 899
182 901
9 902
63 902
188 902
143 903
22 904
155 904
114 908
64 909
156 910
75 911
124 911
185 911
194 912
167 913
123 914
124 914
92 916
121 916
147 916
161 916
19 917
193 918
37 919
153 919
60 920
69 920
94 920
115 920
153 920
165 920
84 922
180 922
0 924
163 924
39 925
125 926
45 928
83 928
167 929
12 934
55 934
119 935
51 937
187 937
57 939
119 939
122 939
44 940
125 940
55 941
57 941
120 941
138 942
37 943
135 943
199 943
169 944
46 945
158 945
155 946
173 946
168 947
97 949
103 949
131 949
174 949
10 950
105 950
22 951
187 951
63 953
105 953
168 953
0 954
90 955
168 955
150 956
162 956
144 957
57 958
110 958
126 958
25 959
193 959
150 960
91 962
95 964
129 964
137 965
144 965
148 965
66 967
83 967
78 969
84 969
176 972
99 973
114 973
61 978
77 978
138 980
185 980
26 982
187 983
62 985
67 986
133 989
134 989
178 990
185 992
145 993
157 993
93 996
156 996
148 999
200 203
203 205
202 206
205 208
201 209
203 209
205 209
208 209
208 211
212 213
204 214
200 215
203 215
204 215
213 215
202 216
203 216
207 216
212 216
200 217
207 217
200 218
204 219
208 219
203 220
206 221
212 221
215 221
203 222
204 222
205 222
210 223
216 223
217 223
222 223
221 224
200 225
206 225
211 225
217 225
223 225
203 226
206 226
223 226
225 226
222 227
206 228
204 229
211 229
224 229
200 230
205 230
217 230
223 230
227 230
228 230
215 231
217 231
218 231
230 231
206 232
217 232
224 232
225 232
226 232
219 234
232 234
202 235
227 235
231 235
203 236
217 236
234 236
202 237
216 237
224 237
234 237
201 238
219 238
221 238
235 238
210 239
229 239
233 239
200 240
211 240
228 240
229 240
236 240
203 241
210 241
234 241
239 241
201 242
204 242
225 242
205 243
220 243
210 244
230 244
222 245
228 245
235 245
236 245
244 245
200 246
215 247
223 247
227 247
239 247
205 248
207 248
214 248
231 248
246 248
247 248
200 249
201 249
212 249
219 249
237 249
238 249
203 250
222 250
235 250
244 250
215 251
238 251
207 252
208 252
209 252
219 252
236 252
240 252
205 253
229 253
239 253
241 253
208 254
234 254
240 254
200 255
203 255
213 255
224 255
231 255
238 255
249 255
201 256
206 256
234 256
251 256
225 257
230 257
240 257
249 257
203 258
207 258
214 258
215 258
231 258
238 258
255 258
257 258
200 259
202 259
224 259
225 259
242 259
245 259
253 259
258 259
201 260
212 260
217 260
219 260
216 261
223 261
224 261
231 261
232 261
235 261
246 261
256 261
210 262
231 262
245 262
257 262
212 263
215 263
222 263
224 263
231 263
237 263
248 263
252 263
204 264
216 264
217 264
246 264
256 264
217 265
233 265
241 265
257 265
210 266
211 266
224 266
232 266
234 266
241 266
254 266
201 267
202 267
224 267
236 267
255 267
261 267
214 268
221 268
223 268
240 268
258 268
267 268
209 269
218 269
227 269
240 269
249 269
258 269
261 269
264 269
265 269
202 270
208 270
222 270
232 270
260 270
262 270
265 270
220 271
223 271
224 271
230 271
235 271
252 271
258 271
206 272
231 272
235 272
240 272
259 272
270 272
206 273
237 273
250 273
253 273
209 274
222 274
226 274
235 274
254 274
257 274
268 274
212 275
214 275
255 275
202 276
205 276
207 276
210 276
211 276
246 276
256 276
202 277
208 277
211 277
224 277
226 277
230 277
234 277
236 277
257 277
261 277
266 277
267 277
274 277
275 277
206 278
212 278
227 278
229 278
261 278
262 278
263 278
271 278
205 279
220 279
222 279
225 279
241 279
247 279
250 279
261 279
270 279
272 279
276 279
226 280
231 280
241 280
242 280
248 280
254 280
264 280
268 280
208 281
227 281
256 281
265 281
277 281
205 282
213 282
215 282
220 282
226 282
251 282
255 282
262 282
204 283
209 283
229 283
234 283
239 283
240 283
243 283
247 283
254 283
256 283
213 284
217 284
235 284
236 284
242 284
250 284
266 284
277 284
227 285
233 285
235 285
252 285
262 285
268 285
270 285
204 286
205 286
240 286
254 286
256 286
261 286
278 286
230 287
236 287
239 287
259 287
221 288
224 288
236 288
242 288
246 288
247 288
264 288
267 288
270 288
278 288
281 288
283 288
285 288
203 289
222 289
228 289
244 289
254 289
265 289
271 289
278 289
284 289
209 290
216 290
219 290
221 290
236 290
241 290
262 290
280 290
204 291
209 291
220 291
243 291
246 291
252 291
253 291
261 291
272 291
282 291
289 291
204 292
223 292
227 292
228 292
235 292
240 292
253 292
257 292
273 292
283 292
284 292
288 292
290 292
206 293
208 293
226 293
229 293
237 293
251 293
255 293
276 293
280 293
285 293
287 293
205 294
215 294
225 294
229 294
231 294
234 294
246 294
248 294
252 294
256 294
258 294
268 294
275 294
276 294
280 294
284 294
217 295
227 295
231 295
237 295
269 295
288 295
202 296
209 296
212 296
233 296
244 296
246 296
262 296
265 296
270 296
271 296
272 296
274 296
282 296
200 297
203 297
212 297
213 297
218 297
220 297
230 297
251 297
255 297
277 297
285 297
215 298
220 298
229 298
241 298
244 298
252 298
254 298
264 298
266 298
268 298
272 298
277 298
216 299
223 299
237 299
248 299
255 299
260 299
276 299
282 299
214 300
237 300
253 300
260 300
262 300
276 300
294 300
299 300
205 301
208 301
222 301
231 301
242 301
247 301
260 301
292 301
296 301
201 302
210 302
212 302
213 302
221 302
223 302
244 302
252 302
255 302
281 302
287 302
292 302
203 303
227 303
243 303
245 303
285 303
288 303
294 303
296 303
302 303
206 304
218 304
224 304
239 304
245 304
251 304
253 304
275 304
295 304
202 305
205 305
221 305
252 305
265 305
267 305
274 305
280 305
294 305
302 305
203 306
207 306
208 306
217 306
254 306
255 306
302 306
305 306
200 307
214 307
215 307
229 307
258 307
259 307
266 307
267 307
277 307
282 307
293 307
302 307
227 308
236 308
238 308
241 308
245 308
255 308
257 308
258 308
272 308
290 308
293 308
306 308
229 309
230 309
236 309
244 309
249 309
254 309
259 309
267 309
268 309
276 309
201 310
204 310
210 310
219 310
223 310
250 310
279 310
294 310
298 310
201 311
223 311
231 311
249 311
252 311
263 311
270 311
283 311
292 311
294 311
231 312
253 312
258 312
262 312
266 312
278 312
283 312
290 312
293 312
296 312
305 312
211 313
218 313
224 313
231 313
257 313
259 313
300 313
301 313
203 314
231 314
235 314
238 314
279 314
291 314
295 314
300 314
301 314
302 314
312 314
201 315
207 315
216 315
229 315
233 315
251 315
252 315
257 315
262 315
272 315
274 315
275 315
284 315
313 315
208 316
241 316
253 316
254 316
264 316
266 316
304 316
306 316
200 317
211 317
231 317
265 317
276 317
280 317
291 317
297 317
202 318
206 318
216 318
217 318
222 318
233 318
240 318
280 318
286 318
291 318
296 318
305 318
315 318
203 319
209 319
217 319
219 319
220 319
243 319
256 319
270 319
278 319
287 319
293 319
309 319
207 320
210 320
230 320
233 320
247 320
280 320
282 320
304 320
204 321
205 321
220 321
223 321
227 321
228 321
252 321
256 321
257 321
258 321
275 321
276 321
282 321
297 321
209 322
216 322
221 322
224 322
228 322
236 322
242 322
265 322
269 322
270 322
274 322
280 322
319 322
321 322
211 323
237 323
280 323
301 323
311 323
200 324
220 324
231 324
242 324
244 324
248 324
258 324
260 324
278 324
303 324
304 324
308 324
315 324
211 325
213 325
217 325
223 325
229 325
238 325
251 325
268 325
270 325
271 325
294 325
308 325
313 325
314 325
318 325
319 325
320 325
200 326
239 326
251 326
255 326
261 326
277 326
297 326
303 326
307 326
312 326
324 326
201 327
238 327
249 327
252 327
292 327
294 327
321 327
213 328
225 328
234 328
261 328
262 328
273 328
275 328
281 328
282 328
302 328
310 328
312 328
201 329
212 329
226 329
229 329
232 329
236 329
237 329
240 329
243 329
247 329
250 329
257 329
274 329
283 329
221 330
223 330
236 330
264 330
276 330
291 330
294 330
297 330
308 330
314 330
315 330
322 330
205 331
212 331
236 331
237 331
269 331
272 331
275 331
294 331
316 331
322 331
324 331
203 332
205 332
209 332
213 332
252 332
255 332
266 332
283 332
296 332
299 332
321 332
327 332
212 333
240 333
247 333
250 333
254 333
260 333
268 333
287 333
295 333
298 333
300 333
317 333
204 334
207 334
210 334
223 334
230 334
237 334
255 334
259 334
263 334
290 334
303 334
310 334
328 334
201 335
208 335
220 335
235 335
239 335
256 335
260 335
266 335
267 335
269 335
276 335
277 335
278 335
293 335
296 335
212 336
218 336
223 336
225 336
228 336
232 336
233 336
241 336
242 336
252 336
258 336
282 336
284 336
296 336
304 336
321 336
324 336
204 337
229 337
230 337
247 337
251 337
258 337
277 337
293 337
299 337
302 337
304 337
305 337
312 337
315 337
317 337
320 337
324 337
211 338
229 338
267 338
276 338
295 338
304 338
306 338
310 338
320 338
322 338
327 338
209 339
244 339
253 339
264 339
278 339
298 339
305 339
308 339
309 339
312 339
315 339
319 339
334 339
240 340
245 340
250 340
282 340
291 340
294 340
307 340
322 340
327 340
329 340
334 340
209 341
211 341
231 341
250 341
253 341
292 341
293 341
295 341
306 341
326 341
204 342
234 342
247 342
256 342
264 342
277 342
282 342
285 342
299 342
309 342
321 342
323 342
331 342
341 342
203 343
223 343
241 343
242 343
245 343
255 343
262 343
277 343
285 343
326 343
328 343
330 343
334 343
202 344
217 344
218 344
224 344
245 344
265 344
268 344
275 344
276 344
283 344
296 344
305 344
309 344
315 344
316 344
341 344
203 345
217 345
219 345
243 345
253 345
265 345
266 345
270 345
271 345
279 345
298 345
315 345
336 345
344 345
203 346
211 346
219 346
233 346
244 346
248 346
272 346
278 346
284 346
299 346
305 346
332 346
335 346
204 347
208 347
220 347
228 347
234 347
243 347
253 347
256 347
258 347
260 347
267 347
335 347
204 348
213 348
215 348
231 348
241 348
271 348
301 348
311 348
325 348
209 349
210 349
236 349
276 349
278 349
283 349
285 349
290 349
301 349
304 349
313 349
326 349
341 349
216 350
227 350
249 350
265 350
269 350
270 350
274 350
304 350
305 350
307 350
325 350
331 350
344 350
347 350
203 351
213 351
225 351
227 351
245 351
265 351
280 351
217 352
233 352
251 352
252 352
266 352
295 352
298 352
309 352
327 352
213 353
233 353
238 353
266 353
271 353
280 353
281 353
285 353
316 353
330 353
338 353
341 353
201 354
218 354
231 354
235 354
254 354
258 354
261 354
269 354
275 354
277 354
278 354
288 354
292 354
295 354
296 354
298 354
322 354
329 354
203 355
213 355
235 355
239 355
244 355
250 355
259 355
283 355
287 355
295 355
300 355
312 355
320 355
329 355
330 355
347 355
354 355
202 356
203 356
222 356
228 356
234 356
237 356
258 356
264 356
280 356
285 356
298 356
325 356
332 356
334 356
353 356
203 357
210 357
225 357
250 357
276 357
283 357
284 357
293 357
298 357
305 357
319 357
324 357
343 357
345 357
200 358
224 358
227 358
254 358
255 358
278 358
283 358
288 358
292 358
294 358
295 358
301 358
306 358
313 358
342 358
350 358
351 358
352 358
206 359
218 359
227 359
230 359
244 359
252 359
264 359
266 359
268 359
287 359
307 359
309 359
320 359
324 359
335 359
337 359
341 359
347 359
355 359
205 360
206 360
210 360
227 360
230 360
247 360
260 360
264 360
279 360
317 360
346 360
212 361
237 361
238 361
241 361
242 361
243 361
249 361
267 361
273 361
275 361
276 361
280 361
299 361
303 361
317 361
329 361
336 361
340 361
356 361
203 362
219 362
230 362
261 362
267 362
269 362
275 362
276 362
284 362
288 362
296 362
328 362
342 362
348 362
354 362
203 363
206 363
223 363
230 363
246 363
256 363
260 363
295 363
314 363
315 363
319 363
320 363
322 363
325 363
327 363
336 363
339 363
344 363
353 363
210 364
215 364
237 364
243 364
271 364
299 364
302 364
310 364
318 364
340 364
347 364
354 364
355 364
361 364
211 365
213 365
233 365
245 365
263 365
268 365
279 365
290 365
295 365
309 365
321 365
325 365
336 365
345 365
222 366
237 366
238 366
260 366
270 366
276 366
320 366
321 366
325 366
326 366
330 366
349 366
207 367
221 367
229 367
230 367
242 367
253 367
255 367
280 367
282 367
303 367
312 367
342 367
352 367
359 367
201 368
208 368
215 368
239 368
246 368
261 368
266 368
297 368
298 368
299 368
302 368
309 368
311 368
328 368
333 368
336 368
347 368
357 368
360 368
209 369
214 369
236 369
252 369
257 369
265 369
268 369
271 369
279 369
283 369
317 369
323 369
342 369
344 369
361 369
364 369
206 370
210 370
225 370
235 370
237 370
247 370
249 370
250 370
252 370
265 370
285 370
295 370
302 370
304 370
307 370
320 370
331 370
342 370
355 370
360 370
368 370
200 371
235 371
265 371
280 371
293 371
299 371
300 371
315 371
337 371
340 371
365 371
203 372
223 372
224 372
236 372
237 372
252 372
254 372
258 372
261 372
266 372
274 372
277 372
283 372
285 372
294 372
295 372
297 372
298 372
304 372
331 372
334 372
336 372
338 372
340 372
354 372
366 372
368 372
201 373
204 373
216 373
238 373
239 373
274 373
286 373
296 373
322 373
349 373
355 373
208 374
213 374
216 374
221 374
224 374
227 374
233 374
238 374
240 374
245 374
246 374
250 374
251 374
259 374
266 374
276 374
278 374
292 374
315 374
326 374
369 374
203 375
236 375
256 375
260 375
270 375
282 375
301 375
307 375
317 375
326 375
334 375
341 375
363 375
208 376
209 376
218 376
224 376
225 376
252 376
256 376
268 376
276 376
278 376
285 376
289 376
297 376
300 376
315 376
324 376
332 376
347 376
348 376
363 376
369 376
371 376
224 377
247 377
250 377
251 377
254 377
256 377
257 377
259 377
263 377
275 377
293 377
294 377
337 377
343 377
352 377
356 377
357 377
367 377
374 377
217 378
230 378
235 378
250 378
257 378
266 378
289 378
290 378
304 378
309 378
312 378
329 378
334 378
342 378
343 378
366 378
201 379
236 379
238 379
244 379
253 379
254 379
272 379
283 379
296 379
298 379
326 379
328 379
330 379
339 379
354 379
360 379
361 379
369 379
378 379
201 380
230 380
236 380
238 380
246 380
251 380
263 380
274 380
286 380
308 380
311 380
322 380
344 380
349 380
352 380
365 380
370 380
376 380
201 381
207 381
228 381
232 381
234 381
250 381
263 381
275 381
277 381
302 381
304 381
305 381
319 381
320 381
327 381
334 381
346 381
348 381
353 381
357 381
359 381
360 381
364 381
366 381
370 381
377 381
379 381
201 382
210 382
214 382
222 382
241 382
250 382
256 382
265 382
270 382
299 382
308 382
309 382
343 382
345 382
346 382
353 382
354 382
360 382
369 382
372 382
200 383
213 383
216 383
239 383
240 383
258 383
266 383
270 383
285 383
310 383
322 383
331 383
202 384
212 384
226 384
239 384
258 384
273 384
279 384
287 384
293 384
314 384
328 384
333 384
349 384
353 384
355 384
361 384
202 385
229 385
247 385
269 385
271 385
279 385
288 385
290 385
310 385
318 385
321 385
326 385
332 385
360 385
368 385
205 386
213 386
216 386
218 386
219 386
228 386
248 386
253 386
260 386
264 386
273 386
295 386
300 386
304 386
311 386
321 386
333 386
338 386
342 386
362 386
368 386
381 386
384 386
201 387
205 387
208 387
209 387
221 387
223 387
231 387
243 387
249 387
255 387
272 387
273 387
274 387
296 387
297 387
310 387
321 387
323 387
353 387
365 387
370 387
225 388
241 388
253 388
274 388
281 388
305 388
359 388
375 388
378 388
227 389
250 389
262 389
270 389
274 389
281 389
308 389
314 389
323 389
324 389
329 389
333 389
338 389
341 389
343 389
348 389
352 389
364 389
204 390
229 390
240 390
262 390
263 390
265 390
266 390
269 390
281 390
294 390
305 390
319 390
345 390
359 390
360 390
369 390
371 390
373 390
213 391
225 391
280 391
283 391
298 391
307 391
312 391
313 391
320 391
343 391
346 391
354 391
367 391
376 391
209 392
215 392
229 392
231 392
235 392
247 392
285 392
291 392
301 392
306 392
314 392
323 392
338 392
344 392
345 392
232 393
235 393
245 393
269 393
272 393
286 393
305 393
310 393
320 393
349 393
381 393
392 393
202 394
204 394
214 394
228 394
257 394
271 394
274 394
284 394
287 394
288 394
290 394
300 394
302 394
305 394
313 394
325 394
332 394
336 394
365 394
371 394
375 394
376 394
382 394
386 394
225 395
234 395
237 395
239 395
254 395
264 395
270 395
274 395
281 395
285 395
290 395
296 395
308 395
317 395
319 395
326 395
337 395
338 395
356 395
366 395
380 395
212 396
216 396
217 396
226 396
232 396
234 396
254 396
255 396
265 396
267 396
271 396
278 396
283 396
284 396
316 396
320 396
324 396
325 396
343 396
369 396
371 396
373 396
386 396
388 396
393 396
394 396
201 397
207 397
224 397
235 397
240 397
246 397
251 397
276 397
308 397
309 397
327 397
345 397
359 397
377 397
386 397
391 397
208 398
213 398
217 398
224 398
225 398
227 398
228 398
274 398
284 398
286 398
304 398
309 398
323 398
331 398
336 398
355 398
366 398
368 398
383 398
385 398
392 398
396 398
202 399
234 399
249 399
254 399
259 399
282 399
284 399
290 399
295 399
301 399
305 399
306 399
307 399
318 399
362 399
371 399
373 399
375 399
387 399
360 403
272 404
323 404
349 404
378 405
243 408
297 408
397 408
241 409
297 409
244 410
345 411
349 411
333 415
316 416
279 417
329 417
373 417
263 418
279 418
355 418
297 421
307 421
254 422
338 422
237 424
285 427
328 428
230 429
337 429
317 431
234 432
242 434
276 436
316 436
346 436
354 436
363 437
225 438
365 438
366 438
243 439
267 439
384 439
300 441
271 442
257 443
303 445
294 446
222 447
280 447
247 448
281 449
308 449
346 449
248 451
334 452
246 454
206 455
234 457
355 458
367 459
307 460
346 463
389 463
282 464
358 464
382 468
298 470
386 470
242 473
206 474
316 474
336 474
229 475
399 476
238 478
237 479
216 480
253 480
259 480
304 482
390 482
303 483
350 484
300 485
312 486
320 486
213 488
305 488
202 489
277 489
346 489
364 489
233 490
248 490
250 491
298 491
245 492
343 495
252 496
303 496
350 497
280 498
327 498
258 501
239 502
302 502
308 502
329 502
384 502
376 504
349 506
244 507
254 507
335 509
225 513
321 513
207 514
321 514
209 515
323 515
352 515
368 515
278 516
398 518
203 519
295 521
299 521
239 524
331 528
327 530
265 532
305 532
344 533
385 533
296 535
295 536
218 537
361 537
313 538
361 538
328 539
282 540
225 541
385 541
393 542
364 543
203 544
289 544
382 545
280 546
301 548
398 549
227 550
290 550
332 550
362 550
262 551
239 552
362 552
326 553
381 553
392 555
385 557
303 558
224 559
267 560
252 562
278 562
350 562
395 562
348 564
376 564
260 565
294 566
273 573
363 573
362 574
284 575
231 577
270 578
353 578
316 579
292 580
208 581
287 581
348 584
360 585
273 586
265 591
345 591
352 591
388 591
319 593
237 595
319 595
393 595
398 596
246 597
280 598
220 599
320 600
305 601
205 602
245 602
297 603
226 605
311 605
297 607
393 607
277 608
216 609
364 610
239 611
380 611
218 612
224 612
200 613
208 617
229 617
296 617
222 618
208 620
361 622
240 624
345 624
246 625
286 626
253 627
257 627
270 628
231 629
283 630
221 631
239 631
244 632
312 632
331 634
248 637
277 638
224 639
394 639
266 642
359 643
295 646
299 647
330 648
236 650
238 651
283 651
398 652
255 653
264 653
314 655
340 656
235 657
234 658
245 658
220 659
256 659
207 663
286 663
350 663
329 664
250 665
347 665
210 666
330 666
288 668
316 668
329 668
340 668
344 670
378 671
205 672
392 672
225 673
251 674
288 674
281 676
367 676
236 682
325 682
225 683
338 683
364 684
292 685
339 685
383 688
397 688
329 689
214 690
309 690
256 691
239 692
394 693
395 693
203 694
221 696
218 699
325 699
355 702
282 703
323 704
278 705
366 706
395 706
258 707
284 708
396 708
314 709
309 710
354 710
296 711
390 711
322 712
261 713
335 713
217 714
399 714
364 715
369 717
332 719
271 722
337 722
241 724
215 725
275 725
325 725
235 726
268 728
398 728
378 729
377 730
232 731
312 733
380 734
275 735
386 735
308 736
389 736
238 737
304 737
314 737
377 737
342 738
386 738
292 739
398 740
295 741
250 742
335 744
223 745
342 745
363 745
376 746
205 747
266 747
308 747
335 748
313 749
320 752
351 754
397 754
200 755
248 756
377 756
277 758
251 761
235 762
263 762
377 762
206 765
220 765
268 766
318 768
396 769
224 771
316 771
270 775
328 775
365 776
386 776
320 777
221 778
233 778
225 780
289 781
343 781
386 781
236 782
254 782
280 782
230 783
379 783
292 785
316 785
218 788
297 788
388 788
200 789
308 790
388 792
258 794
330 794
362 794
314 795
335 795
351 795
291 797
271 798
260 800
324 802
257 803
388 806
259 810
364 810
264 812
290 823
335 823
355 823
218 824
250 826
351 826
386 827
257 828
228 830
373 830
205 832
276 834
337 834
266 835
339 835
349 835
249 837
379 838
275 841
251 843
253 844
268 844
302 844
380 847
253 851
295 852
203 853
341 855
381 856
372 857
249 858
265 858
315 858
338 859
273 860
271 861
260 862
351 862
328 863
223 864
316 865
273 868
339 870
283 873
333 873
320 877
337 879
353 879
312 880
265 881
305 883
310 883
239 885
248 885
308 886
384 887
370 888
244 889
220 890
223 892
380 892
249 895
278 896
281 897
327 897
205 898
258 899
312 899
246 900
219 901
231 901
331 902
315 903
209 904
291 904
292 904
369 905
269 906
227 907
325 907
326 907
271 908
256 909
203 910
284 910
338 911
356 911
395 912
218 914
362 914
353 915
261 920
273 920
360 920
391 920
323 922
319 923
377 924
254 925
373 925
308 926
342 927
364 927
225 932
205 933
289 934
336 934
213 935
237 935
254 936
214 938
259 938
267 938
277 939
370 939
389 940
368 941
225 944
258 945
308 945
219 946
236 947
289 947
388 947
376 948
204 949
217 950
248 950
388 950
358 951
337 952
370 952
384 953
229 954
389 954
399 954
235 955
235 956
206 957
209 957
305 957
212 958
254 959
355 959
270 963
391 963
265 964
336 965
255 966
216 970
230 970
203 973
217 973
253 973
360 974
249 975
320 975
376 978
220 980
357 980
257 981
320 982
366 987
389 987
222 988
294 988
365 989
376 989
396 990
255 992
201 994
214 994
372 994
220 995
306 995
314 995
327 996
327 997
223 999
401 403
404 408
405 412
405 413
408 414
413 417
402 418
408 418
411 418
413 418
407 419
419 420
401 421
402 421
416 421
409 422
411 422
413 422
418 422
420 422
400 423
408 423
414 423
402 425
405 425
403 426
414 426
416 426
400 427
409 427
412 428
418 428
419 428
400 429
400 430
408 430
416 430
417 430
424 430
404 431
405 431
407 431
407 432
418 432
430 432
420 433
423 433
432 433
406 434
411 434
426 434
401 437
408 437
415 437
423 437
428 437
429 437
406 438
409 438
411 438
414 438
420 438
431 438
435 438
409 439
411 439
414 439
416 439
423 439
407 440
408 440
423 440
405 441
423 441
439 441
440 441
410 442
407 443
415 443
418 443
429 443
411 444
436 444
415 445
425 445
430 445
431 445
437 445
421 446
430 446
444 446
445 446
414 447
425 447
428 447
435 447
440 447
400 448
406 448
438 448
446 448
447 448
413 449
427 449
435 449
434 450
435 450
442 450
403 451
412 451
423 451
436 451
448 451
400 452
425 452
443 452
447 452
432 453
433 453
445 453
447 453
411 454
415 454
427 454
429 454
434 454
403 455
407 455
415 455
451 455
452 455
405 456
407 456
409 456
411 456
424 456
433 456
441 456
442 456
445 456
451 456
401 457
403 457
404 457
442 457
447 457
403 458
405 458
407 458
410 458
423 458
427 458
436 458
446 458
421 459
431 459
438 459
409 460
414 460
415 460
451 460
453 460
458 460
406 461
407 461
413 461
420 461
450 461
451 461
404 462
406 462
418 462
420 462
434 462
456 462
418 463
439 463
440 463
400 464
406 464
407 464
412 464
418 464
425 464
426 464
429 464
442 464
459 464
405 465
419 465
420 465
424 465
433 465
440 465
407 466
416 466
417 466
426 466
445 466
448 466
403 467
416 467
421 467
423 467
430 467
442 467
451 467
438 468
440 468
450 468
405 469
421 469
434 469
435 469
458 469
464 469
465 469
468 469
401 470
403 470
442 470
452 470
468 470
437 471
447 471
421 472
424 472
427 472
440 472
444 472
450 472
452 472
456 472
461 472
419 473
421 473
430 473
431 473
448 473
452 473
467 473
470 473
471 473
426 474
443 474
473 474
403 475
416 475
440 475
442 475
447 475
455 475
456 475
464 475
465 475
473 475
403 476
405 476
410 476
418 476
433 476
452 476
453 476
463 476
474 476
410 477
460 477
463 477
469 477
471 477
409 478
417 478
435 478
436 478
439 478
443 478
467 478
447 479
452 479
473 479
401 480
402 480
405 480
419 480
420 480
441 480
442 480
450 480
451 480
452 480
456 480
457 480
408 481
409 481
413 481
414 481
421 481
423 481
425 481
428 481
433 481
435 481
451 481
466 481
468 481
473 481
474 481
476 481
408 482
419 482
434 482
436 482
450 482
455 482
464 482
468 482
469 482
481 482
424 483
427 483
428 483
432 483
443 483
446 483
454 483
462 483
464 483
465 483
470 483
476 483
412 484
418 484
427 484
430 484
438 484
440 484
441 484
454 484
456 484
459 484
475 484
429 485
432 485
441 485
442 485
460 485
467 485
480 485
400 486
409 486
419 486
420 486
421 486
432 486
433 486
439 486
444 486
463 486
465 486
474 486
476 486
479 486
404 487
409 487
412 487
423 487
427 487
428 487
436 487
440 487
450 487
452 487
463 487
464 487
466 487
476 487
481 487
486 487
444 488
479 488
484 488
400 489
425 489
439 489
440 489
442 489
448 489
450 489
455 489
468 489
469 489
477 489
478 489
418 490
434 490
452 490
471 490
485 490
400 491
401 491
402 491
404 491
419 491
427 491
431 491
447 491
448 491
455 491
474 491
483 491
488 491
403 492
411 492
435 492
456 492
472 492
482 492
485 492
490 492
416 493
427 493
439 493
440 493
442 493
444 493
446 493
456 493
469 493
484 493
486 493
414 494
421 494
422 494
423 494
433 494
434 494
435 494
477 494
488 494
406 495
431 495
436 495
456 495
459 495
471 495
477 495
481 495
488 495
405 496
450 496
451 496
455 496
491 496
404 497
408 497
441 497
442 497
444 497
456 497
461 497
472 497
477 497
482 497
489 497
492 497
426 498
450 498
463 498
491 498
418 499
435 499
438 499
457 499
460 499
482 499
497 499
416 500
456 500
466 500
474 500
475 500
492 500
402 501
404 501
422 501
423 501
429 501
433 501
437 501
439 501
440 501
448 501
450 501
464 501
469 501
477 501
491 501
421 502
443 502
449 502
478 502
480 502
494 502
500 502
402 503
431 503
438 503
443 503
459 503
479 503
500 503
409 504
428 504
435 504
441 504
443 504
446 504
465 504
474 504
483 504
493 504
499 504
502 504
401 505
407 505
409 505
410 505
413 505
420 505
430 505
440 505
450 505
454 505
461 505
476 505
499 505
429 506
437 506
445 506
446 506
447 506
464 506
466 506
470 506
475 506
485 506
486 506
503 506
422 507
426 507
439 507
460 507
481 507
482 507
488 507
495 507
498 507
505 507
400 508
407 508
417 508
418 508
477 508
481 508
488 508
494 508
503 508
411 509
423 509
445 509
479 509
486 509
490 509
491 509
500 509
402 510
410 510
420 510
424 510
433 510
434 510
446 510
453 510
471 510
479 510
484 510
504 510
506 510
509 510
403 511
407 511
412 511
414 511
427 511
436 511
458 511
461 511
462 511
463 511
478 511
502 511
416 512
423 512
428 512
432 512
437 512
456 512
464 512
466 512
469 512
487 512
506 512
400 513
401 513
413 513
484 513
493 513
507 513
509 513
403 514
408 514
411 514
415 514
426 514
453 514
455 514
462 514
466 514
474 514
485 514
488 514
493 514
504 514
510 514
405 515
408 515
410 515
411 515
416 515
424 515
461 515
485 515
489 515
493 515
494 515
502 515
511 515
512 515
417 516
419 516
420 516
422 516
453 516
476 516
480 516
482 516
486 516
490 516
493 516
508 516
406 517
407 517
408 517
413 517
440 517
451 517
460 517
461 517
471 517
484 517
485 517
499 517
510 517
410 518
411 518
434 518
445 518
449 518
454 518
456 518
480 518
481 518
485 518
488 518
498 518
511 518
421 519
449 519
475 519
500 519
501 519
505 519
408 520
419 520
428 520
453 520
467 520
469 520
476 520
480 520
487 520
493 520
505 520
509 520
514 520
517 520
518 520
436 521
451 521
453 521
487 521
493 521
501 521
428 522
439 522
441 522
447 522
449 522
455 522
458 522
478 522
484 522
509 522
404 523
422 523
425 523
433 523
451 523
454 523
455 523
461 523
472 523
477 523
505 523
508 523
522 523
402 524
410 524
411 524
412 524
414 524
420 524
422 524
427 524
436 524
440 524
450 524
457 524
468 524
479 524
481 524
483 524
497 524
506 524
511 524
512 524
516 524
522 524
403 525
409 525
414 525
418 525
425 525
430 525
434 525
436 525
440 525
448 525
450 525
455 525
457 525
460 525
463 525
411 526
414 526
417 526
420 526
426 526
427 526
447 526
469 526
485 526
487 526
513 526
525 526
414 527
418 527
424 527
444 527
457 527
479 527
495 527
503 527
505 527
515 527
409 528
416 528
433 528
436 528
445 528
454 528
462 528
465 528
471 528
474 528
489 528
498 528
505 528
508 528
515 528
519 528
411 529
423 529
427 529
439 529
472 529
476 529
482 529
501 529
510 529
400 530
464 530
473 530
491 530
497 530
506 530
511 530
512 530
513 530
402 531
415 531
418 531
420 531
423 531
425 531
428 531
434 531
444 531
445 531
494 531
495 531
497 531
505 531
523 531
402 532
407 532
446 532
457 532
464 532
481 532
488 532
492 532
510 532
512 532
516 532
402 533
415 533
418 533
422 533
434 533
451 533
490 533
500 533
502 533
516 533
531 533
419 534
452 534
460 534
462 534
468 534
471 534
486 534
489 534
493 534
495 534
516 534
435 535
438 535
443 535
458 535
464 535
467 535
476 535
481 535
483 535
484 535
522 535
524 535
531 535
417 536
462 536
465 536
469 536
472 536
475 536
505 536
535 536
402 537
409 537
424 537
436 537
464 537
491 537
496 537
523 537
524 537
531 537
419 538
421 538
429 538
442 538
450 538
451 538
489 538
510 538
511 538
514 538
521 538
522 538
530 538
404 539
425 539
465 539
468 539
491 539
509 539
513 539
400 540
415 540
428 540
450 540
465 540
475 540
503 540
515 540
407 541
413 541
414 541
422 541
424 541
428 541
439 541
444 541
452 541
458 541
465 541
466 541
472 541
477 541
502 541
514 541
518 541
527 541
529 541
540 541
403 542
414 542
420 542
431 542
442 542
461 542
478 542
482 542
487 542
492 542
493 542
497 542
498 542
507 542
510 542
536 542
538 542
404 543
432 543
436 543
445 543
451 543
455 543
459 543
463 543
468 543
488 543
492 543
498 543
504 543
527 543
533 543
402 544
409 544
421 544
433 544
437 544
465 544
466 544
492 544
507 544
515 544
518 544
522 544
405 545
420 545
425 545
426 545
438 545
504 545
520 545
537 545
411 546
412 546
422 546
427 546
429 546
436 546
450 546
455 546
468 546
476 546
513 546
516 546
417 547
432 547
437 547
445 547
446 547
462 547
467 547
470 547
484 547
488 547
506 547
531 547
405 548
408 548
427 548
434 548
441 548
445 548
514 548
537 548
409 549
412 549
413 549
442 549
445 549
458 549
459 549
468 549
469 549
473 549
476 549
480 549
487 549
488 549
493 549
522 549
543 549
403 550
432 550
439 550
449 550
450 550
453 550
454 550
460 550
487 550
499 550
510 550
421 551
438 551
444 551
448 551
451 551
452 551
491 551
499 551
510 551
527 551
543 551
416 552
419 552
438 552
470 552
473 552
475 552
489 552
495 552
498 552
503 552
504 552
510 552
518 552
525 552
531 552
534 552
535 552
403 553
406 553
412 553
415 553
416 553
447 553
458 553
478 553
487 553
500 553
511 553
518 553
419 554
424 554
431 554
436 554
470 554
476 554
485 554
504 554
506 554
507 554
512 554
515 554
521 554
535 554
541 554
400 555
432 555
465 555
468 555
470 555
483 555
515 555
518 555
526 555
529 555
408 556
420 556
423 556
433 556
441 556
450 556
451 556
456 556
466 556
474 556
478 556
487 556
496 556
525 556
540 556
547 556
548 556
552 556
414 557
424 557
425 557
428 557
430 557
433 557
459 557
462 557
463 557
471 557
483 557
487 557
488 557
513 557
517 557
520 557
539 557
542 557
549 557
550 557
554 557
405 558
407 558
408 558
437 558
444 558
455 558
462 558
465 558
468 558
482 558
485 558
499 558
501 558
520 558
552 558
402 559
411 559
417 559
420 559
456 559
464 559
500 559
502 559
518 559
526 559
529 559
531 559
535 559
545 559
551 559
415 560
417 560
418 560
423 560
456 560
472 560
475 560
483 560
486 560
495 560
505 560
517 560
521 560
530 560
538 560
556 560
444 561
448 561
458 561
470 561
488 561
508 561
517 561
520 561
528 561
530 561
546 561
551 561
420 562
432 562
451 562
457 562
464 562
470 562
473 562
496 562
502 562
518 562
522 562
525 562
526 562
552 562
406 563
420 563
433 563
455 563
462 563
476 563
483 563
492 563
494 563
525 563
535 563
547 563
548 563
402 564
419 564
424 564
425 564
437 564
442 564
455 564
478 564
490 564
491 564
502 564
506 564
515 564
537 564
547 564
404 565
416 565
425 565
429 565
441 565
470 565
479 565
495 565
511 565
520 565
521 565
529 565
534 565
537 565
558 565
412 566
419 566
422 566
482 566
485 566
500 566
517 566
546 566
552 566
401 567
403 567
405 567
406 567
415 567
421 567
448 567
450 567
455 567
459 567
488 567
502 567
509 567
512 567
516 567
534 567
545 567
559 567
560 567
407 568
409 568
413 568
421 568
424 568
438 568
439 568
479 568
485 568
498 568
499 568
504 568
505 568
515 568
538 568
553 568
557 568
561 568
415 569
434 569
461 569
463 569
468 569
504 569
514 569
544 569
549 569
553 569
558 569
400 570
430 570
435 570
450 570
464 570
485 570
490 570
501 570
514 570
520 570
521 570
538 570
550 570
553 570
554 570
403 571
433 571
435 571
439 571
519 571
546 571
553 571
557 571
407 572
409 572
415 572
417 572
426 572
429 572
431 572
482 572
491 572
493 572
525 572
529 572
535 572
540 572
541 572
555 572
411 573
420 573
456 573
473 573
474 573
476 573
484 573
491 573
493 573
504 573
516 573
541 573
572 573
405 574
415 574
419 574
432 574
441 574
446 574
460 574
490 574
505 574
511 574
549 574
402 575
432 575
433 575
435 575
442 575
446 575
454 575
471 575
472 575
477 575
482 575
488 575
506 575
511 575
520 575
525 575
538 575
539 575
544 575
559 575
560 575
570 575
403 576
404 576
410 576
411 576
418 576
452 576
457 576
461 576
468 576
473 576
474 576
475 576
477 576
478 576
479 576
482 576
485 576
497 576
503 576
509 576
524 576
547 576
548 576
553 576
557 576
566 576
571 576
418 577
457 577
458 577
462 577
463 577
481 577
483 577
487 577
488 577
501 577
507 577
513 577
514 577
523 577
525 577
530 577
553 577
566 577
407 578
433 578
440 578
473 578
481 578
482 578
511 578
525 578
526 578
535 578
548 578
568 578
569 578
570 578
571 578
401 579
424 579
426 579
439 579
446 579
449 579
464 579
465 579
473 579
488 579
491 579
517 579
521 579
527 579
560 579
404 580
412 580
427 580
433 580
436 580
455 580
461 580
463 580
470 580
528 580
529 580
533 580
535 580
536 580
556 580
560 580
562 580
576 580
400 581
421 581
435 581
450 581
458 581
466 581
476 581
486 581
487 581
502 581
516 581
532 581
535 581
541 581
559 581
575 581
422 582
423 582
428 582
435 582
439 582
452 582
467 582
472 582
474 582
478 582
486 582
493 582
503 582
519 582
524 582
535 582
537 582
552 582
560 582
565 582
576 582
579 582
400 583
406 583
429 583
431 583
440 583
443 583
445 583
457 583
468 583
491 583
493 583
526 583
540 583
542 583
553 583
562 583
569 583
400 584
405 584
407 584
412 584
427 584
430 584
444 584
463 584
470 584
482 584
487 584
489 584
499 584
502 584
525 584
552 584
563 584
421 585
432 585
438 585
443 585
447 585
475 585
479 585
486 585
494 585
497 585
526 585
527 585
540 585
565 585
575 585
420 586
425 586
432 586
455 586
469 586
486 586
488 586
491 586
496 586
500 586
505 586
527 586
549 586
400 587
425 587
438 587
449 587
462 587
473 587
487 587
495 587
499 587
500 587
533 587
537 587
540 587
543 587
549 587
560 587
568 587
572 587
574 587
580 587
583 587
417 588
423 588
424 588
431 588
455 588
474 588
476 588
480 588
503 588
514 588
519 588
538 588
540 588
563 588
408 589
424 589
440 589
458 589
464 589
468 589
470 589
485 589
493 589
495 589
497 589
504 589
511 589
512 589
515 589
518 589
520 589
522 589
527 589
537 589
540 589
556 589
573 589
576 589
407 590
426 590
431 590
432 590
435 590
436 590
452 590
454 590
455 590
459 590
464 590
501 590
504 590
516 590
537 590
539 590
545 590
554 590
588 590
409 591
416 591
426 591
429 591
430 591
437 591
448 591
449 591
473 591
475 591
480 591
482 591
490 591
533 591
547 591
564 591
571 591
576 591
401 592
424 592
428 592
432 592
435 592
442 592
454 592
458 592
462 592
465 592
468 592
487 592
498 592
526 592
529 592
552 592
567 592
570 592
418 593
421 593
429 593
439 593
443 593
448 593
459 593
465 593
473 593
479 593
509 593
513 593
519 593
520 593
526 593
530 593
537 593
538 593
540 593
403 594
413 594
417 594
418 594
429 594
431 594
433 594
435 594
436 594
439 594
441 594
448 594
450 594
467 594
538 594
539 594
547 594
572 594
573 594
589 594
404 595
422 595
423 595
432 595
455 595
474 595
480 595
482 595
484 595
495 595
500 595
504 595
523 595
527 595
536 595
542 595
548 595
550 595
569 595
570 595
582 595
412 596
418 596
435 596
472 596
479 596
486 596
487 596
497 596
507 596
508 596
531 596
533 596
544 596
551 596
581 596
583 596
415 597
427 597
441 597
448 597
455 597
470 597
474 597
480 597
488 597
492 597
495 597
517 597
518 597
523 597
536 597
545 597
562 597
401 598
412 598
436 598
458 598
465 598
482 598
485 598
496 598
526 598
530 598
538 598
539 598
543 598
548 598
552 598
553 598
555 598
575 598
585 598
412 599
462 599
463 599
466 599
467 599
472 599
492 599
505 599
511 599
520 599
522 599
525 599
533 599
548 599
557 599
565 599
598 599
510 600
445 602
511 603
418 605
512 606
507 607
598 609
552 610
450 614
478 614
470 615
550 615
585 616
512 619
505 620
457 621
500 621
503 621
416 622
438 622
487 622
489 626
468 627
501 627
470 628
480 628
489 628
503 630
545 630
561 630
465 631
573 631
522 632
439 633
458 634
431 635
526 635
523 637
451 639
540 639
441 640
531 640
574 640
459 641
460 641
596 642
460 644
510 645
593 645
446 649
564 649
501 651
504 651
501 652
513 653
499 655
473 657
582 657
597 657
413 658
470 659
534 660
549 661
402 662
465 663
525 663
569 664
453 665
455 665
593 665
459 666
483 670
500 670
511 670
453 671
509 671
540 672
554 673
510 674
557 675
596 677
451 678
567 678
505 679
548 679
594 680
514 681
484 682
512 682
520 682
534 684
498 686
466 687
400 688
419 690
499 690
412 691
550 691
518 692
598 692
492 693
531 693
545 693
469 694
595 694
596 694
528 695
584 695
556 696
467 700
495 700
585 700
537 701
514 703
544 704
599 704
440 705
581 705
440 708
406 709
450 710
517 712
420 713
456 713
589 715
512 716
487 717
506 719
546 721
597 723
471 725
575 725
516 728
444 729
466 729
470 729
572 729
548 734
425 735
490 737
568 737
592 737
470 741
546 741
507 743
594 744
537 747
465 748
418 749
432 749
493 750
499 751
405 752
416 753
455 753
526 753
474 754
529 758
562 758
584 760
544 761
491 762
462 764
444 765
403 766
516 766
412 768
423 768
562 768
572 768
561 769
599 770
456 771
495 771
469 772
483 773
525 775
588 775
588 776
566 777
595 777
557 778
449 779
500 779
515 780
575 782
443 783
417 786
538 787
487 788
414 789
461 789
416 790
550 793
496 795
412 796
495 797
539 797
475 798
428 799
432 800
504 800
413 801
484 801
530 801
489 802
471 803
511 804
512 804
544 804
528 805
540 806
532 807
403 808
481 809
488 809
503 812
577 813
442 814
523 815
424 816
430 816
487 816
493 816
574 816
432 818
434 818
422 821
592 821
574 822
423 823
540 823
513 824
502 826
598 826
437 827
536 827
426 828
480 828
483 828
504 829
544 829
400 830
471 830
442 831
467 832
550 833
406 834
579 835
527 836
555 836
582 836
437 837
538 837
598 839
540 840
420 841
436 842
452 842
559 843
571 845
491 846
504 846
454 847
488 848
531 849
486 851
542 851
549 851
553 851
510 852
472 855
402 856
460 857
494 858
514 858
531 858
489 859
433 861
529 864
560 867
498 868
543 868
412 871
489 873
412 874
532 874
445 875
443 876
571 876
493 877
582 877
524 880
530 880
549 883
403 884
500 884
562 885
439 886
553 887
457 888
428 889
595 890
511 891
437 892
568 893
575 893
595 893
419 894
442 896
581 896
417 899
485 899
454 900
561 900
599 900
433 901
560 903
532 904
562 904
455 905
456 905
498 906
574 906
476 908
491 910
546 911
410 913
560 913
458 914
414 915
459 915
573 915
470 917
567 919
435 920
477 924
412 928
453 928
461 930
484 930
488 931
459 933
590 933
502 934
401 936
477 939
553 940
406 942
588 942
556 944
442 945
594 946
450 947
492 949
423 953
555 953
595 953
549 955
535 956
477 957
554 957
583 957
598 957
565 958
590 960
524 961
406 965
425 966
531 967
577 967
471 968
431 969
487 969
429 971
501 972
520 973
541 974
522 976
552 976
579 976
421 977
586 977
456 978
544 978
593 979
503 981
462 984
403 989
452 989
517 989
553 992
401 995
416 995
401 996
446 996
564 996
571 997
411 998
463 998
547 999
600 602
601 605
601 607
603 607
605 608
601 609
606 611
610 611
606 612
609 613
603 614
603 617
610 617
617 619
618 619
611 620
603 621
613 621
600 622
603 622
621 622
602 623
606 623
620 623
607 624
609 624
614 624
618 624
622 624
614 625
615 625
601 626
604 626
611 626
621 626
602 627
623 627
624 627
625 627
600 628
602 628
603 628
611 628
620 628
626 628
613 629
619 629
613 631
617 631
622 631
601 632
607 632
614 632
622 632
612 633
624 633
607 634
626 634
601 635
611 635
616 635
617 635
622 635
605 636
623 636
625 636
606 637
607 637
619 637
626 637
627 637
630 637
608 638
609 638
624 638
632 638
637 638
609 639
612 639
634 639
621 640
632 640
608 641
610 641
620 641
625 641
631 641
603 642
610 642
600 643
604 643
606 643
610 643
618 643
622 643
625 643
633 643
642 643
612 644
619 644
625 644
627 644
632 644
634 644
609 646
600 647
607 647
642 647
643 647
644 647
610 648
614 648
616 648
629 648
631 648
635 648
639 648
600 649
607 649
633 649
638 649
642 649
601 650
606 650
618 650
631 650
648 650
611 651
621 651
630 651
637 651
616 652
622 652
632 652
645 652
603 653
605 653
611 653
613 653
600 654
612 654
613 654
615 654
617 654
625 654
638 654
644 654
601 655
606 655
610 655
611 655
620 655
625 655
628 655
645 655
653 655
609 656
628 656
650 656
603 657
604 657
638 657
650 657
605 658
610 658
614 658
616 658
623 658
645 658
651 658
654 658
601 659
604 659
633 659
610 660
629 660
645 660
647 660
603 661
604 661
607 661
612 661
638 661
652 661
656 661
658 661
611 662
633 662
634 662
655 662
658 662
604 663
612 663
614 663
615 663
616 663
620 663
621 663
624 663
629 663
632 663
656 663
660 663
608 664
636 664
646 664
610 665
615 665
621 665
622 665
625 665
644 665
648 665
651 665
603 666
615 666
629 666
636 666
640 666
642 666
645 666
654 666
658 666
609 667
621 667
641 667
656 667
659 667
666 667
616 668
633 668
641 668
650 668
655 668
656 668
663 668
610 669
615 669
616 669
622 669
627 669
651 669
662 669
605 670
608 670
623 670
627 670
659 670
663 670
623 671
626 671
638 671
656 671
663 671
668 671
600 672
602 672
610 672
617 672
619 672
620 672
632 672
634 672
644 672
645 672
661 672
666 672
670 672
604 673
605 673
606 673
614 673
631 673
632 673
635 673
667 673
672 673
611 674
624 674
634 674
643 674
653 674
655 674
657 674
668 674
610 675
657 675
659 675
662 675
670 675
673 675
602 676
623 676
625 676
649 676
655 676
656 676
671 676
615 677
622 677
630 677
661 677
609 678
617 678
619 678
622 678
623 678
625 678
627 678
661 678
607 679
622 679
625 679
628 679
635 679
637 679
640 679
641 679
656 679
657 679
666 679
620 680
629 680
637 680
639 680
643 680
648 680
654 680
665 680
671 680
676 680
602 681
604 681
611 681
619 681
621 681
622 681
627 681
629 681
631 681
632 681
634 681
654 681
662 681
668 681
617 682
628 682
640 682
658 682
671 682
601 683
619 683
625 683
647 683
663 683
666 683
667 683
673 683
674 683
678 683
612 684
623 684
624 684
625 684
642 684
654 684
664 684
672 684
680 684
615 685
630 685
650 685
654 685
661 685
664 685
680 685
612 686
614 686
626 686
648 686
657 686
684 686
601 687
607 687
635 687
639 687
663 687
672 687
622 688
634 688
639 688
651 688
662 688
663 688
672 688
683 688
684 688
609 689
610 689
611 689
616 689
620 689
624 689
631 689
639 689
662 689
678 689
600 690
601 690
612 690
619 690
623 690
630 690
634 690
641 690
660 690
663 690
667 690
674 690
676 690
677 690
687 690
600 691
606 691
612 691
629 691
642 691
645 691
647 691
649 691
667 691
668 691
676 691
604 692
622 692
626 692
658 692
668 692
673 692
675 692
687 692
615 693
619 693
632 693
651 693
652 693
654 693
656 693
658 693
669 693
672 693
681 693
686 693
602 694
645 694
647 694
663 694
671 694
681 694
600 695
606 695
626 695
668 695
669 695
678 695
604 696
605 696
623 696
630 696
650 696
659 696
669 696
677 696
639 697
665 697
675 697
676 697
692 697
604 698
610 698
620 698
654 698
661 698
671 698
674 698
675 698
679 698
690 698
612 699
643 699
650 699
652 699
679 699
684 699
686 699
691 699
695 699
600 700
604 700
621 700
630 700
653 700
655 700
660 700
666 700
681 700
688 700
689 700
630 701
649 701
655 701
670 701
671 701
678 701
691 701
602 702
612 702
621 702
646 702
650 702
691 702
701 702
601 703
605 703
612 703
616 703
651 703
663 703
665 703
672 703
682 703
688 703
616 704
644 704
647 704
648 704
650 704
656 704
668 704
669 704
700 704
612 705
619 705
633 705
634 705
689 705
690 705
692 705
700 705
600 706
614 706
623 706
631 706
635 706
644 706
648 706
656 706
663 706
665 706
672 706
682 706
695 706
614 707
622 707
646 707
665 707
681 707
611 708
663 708
668 708
672 708
674 708
679 708
602 709
614 709
620 709
649 709
659 709
670 709
697 709
699 709
702 709
706 709
610 710
613 710
616 710
620 710
625 710
650 710
657 710
664 710
672 710
690 710
609 711
623 711
634 711
641 711
677 711
698 711
704 711
708 711
604 712
616 712
621 712
630 712
631 712
649 712
658 712
659 712
662 712
665 712
680 712
687 712
699 712
700 712
703 712
601 713
603 713
626 713
677 713
685 713
702 713
707 713
710 713
605 714
608 714
635 714
638 714
677 714
694 714
699 714
704 714
712 714
637 715
648 715
661 715
666 715
685 715
686 715
693 715
697 715
698 715
702 715
704 715
705 715
603 716
610 716
642 716
646 716
659 716
675 716
676 716
686 716
688 716
697 716
700 716
701 716
702 716
605 717
610 717
615 717
617 717
621 717
625 717
638 717
639 717
641 717
642 717
646 717
647 717
648 717
654 717
655 717
660 717
682 717
692 717
695 717
700 717
708 717
714 717
625 718
629 718
652 718
656 718
671 718
687 718
695 718
716 718
600 719
613 719
617 719
621 719
627 719
630 719
635 719
655 719
676 719
682 719
695 719
696 719
709 719
713 719
602 720
623 720
631 720
633 720
637 720
654 720
656 720
661 720
663 720
670 720
677 720
688 720
698 720
703 720
608 721
631 721
673 721
675 721
682 721
694 721
697 721
699 721
700 721
604 722
616 722
619 722
626 722
633 722
636 722
664 722
669 722
670 722
679 722
680 722
708 722
719 722
606 723
615 723
622 723
666 723
671 723
676 723
696 723
715 723
607 724
608 724
633 724
636 724
639 724
648 724
650 724
652 724
719 724
601 725
604 725
612 725
622 725
624 725
636 725
639 725
647 725
654 725
665 725
670 725
680 725
684 725
709 725
718 725
627 726
667 726
677 726
690 726
693 726
699 726
701 726
703 726
706 726
611 727
615 727
634 727
669 727
683 727
690 727
691 727
693 727
602 728
614 728
631 728
646 728
656 728
657 728
662 728
681 728
689 728
694 728
696 728
698 728
705 728
711 728
716 728
600 729
606 729
616 729
630 729
633 729
635 729
639 729
640 729
642 729
660 729
695 729
702 729
709 729
600 730
628 730
630 730
634 730
646 730
660 730
678 730
680 730
687 730
693 730
699 730
704 730
717 730
721 730
600 731
618 731
619 731
634 731
652 731
655 731
686 731
693 731
710 731
712 731
600 732
604 732
634 732
639 732
659 732
663 732
674 732
684 732
692 732
729 732
600 733
604 733
621 733
639 733
640 733
644 733
646 733
647 733
650 733
672 733
684 733
688 733
712 733
716 733
720 733
727 733
728 733
601 734
605 734
610 734
615 734
624 734
633 734
641 734
645 734
668 734
672 734
674 734
676 734
680 734
696 734
716 734
717 734
727 734
730 734
607 735
611 735
613 735
616 735
635 735
655 735
661 735
678 735
703 735
708 735
710 735
714 735
611 736
612 736
615 736
616 736
619 736
621 736
654 736
665 736
702 736
709 736
715 736
716 736
721 736
728 736
602 737
608 737
617 737
632 737
646 737
653 737
665 737
681 737
687 737
695 737
699 737
709 737
711 737
722 737
723 737
727 737
612 738
613 738
619 738
646 738
648 738
658 738
662 738
673 738
685 738
701 738
717 738
720 738
725 738
731 738
734 738
609 739
629 739
633 739
635 739
639 739
650 739
657 739
679 739
687 739
692 739
696 739
712 739
726 739
617 740
639 740
650 740
653 740
663 740
670 740
676 740
681 740
683 740
686 740
735 740
737 740
653 741
657 741
660 741
703 741
710 741
711 741
739 741
600 742
601 742
610 742
619 742
624 742
648 742
658 742
661 742
667 742
676 742
690 742
695 742
716 742
723 742
727 742
733 742
739 742
600 743
604 743
612 743
620 743
628 743
632 743
639 743
643 743
655 743
689 743
695 743
696 743
698 743
700 743
703 743
707 743
713 743
719 743
726 743
735 743
737 743
605 744
615 744
619 744
646 744
649 744
697 744
698 744
723 744
728 744
733 744
609 745
610 745
611 745
634 745
638 745
660 745
670 745
671 745
683 745
692 745
700 745
702 745
706 745
711 745
725 745
727 745
729 745
732 745
606 746
610 746
615 746
618 746
619 746
629 746
636 746
639 746
649 746
656 746
668 746
710 746
714 746
609 747
621 747
625 747
632 747
651 747
660 747
664 747
674 747
690 747
694 747
699 747
703 747
708 747
731 747
600 748
619 748
636 748
646 748
650 748
655 748
663 748
666 748
685 748
688 748
693 748
700 748
717 748
728 748
734 748
735 748
608 749
613 749
621 749
639 749
673 749
680 749
695 749
713 749
714 749
730 749
732 749
740 749
743 749
623 750
627 750
635 750
640 750
647 750
653 750
678 750
691 750
705 750
712 750
716 750
731 750
748 750
609 751
627 751
629 751
630 751
644 751
648 751
662 751
688 751
728 751
731 751
746 751
600 752
608 752
609 752
610 752
632 752
638 752
639 752
647 752
679 752
682 752
695 752
703 752
718 752
722 752
725 752
728 752
736 752
744 752
750 752
608 753
610 753
615 753
619 753
624 753
635 753
656 753
661 753
666 753
679 753
680 753
683 753
690 753
694 753
699 753
712 753
718 753
723 753
728 753
744 753
747 753
752 753
600 754
601 754
605 754
642 754
648 754
653 754
657 754
658 754
669 754
684 754
687 754
703 754
704 754
733 754
739 754
751 754
753 754
604 755
624 755
626 755
642 755
644 755
660 755
671 755
692 755
696 755
698 755
702 755
715 755
720 755
721 755
609 756
615 756
620 756
622 756
636 756
662 756
666 756
669 756
671 756
675 756
684 756
702 756
707 756
723 756
732 756
739 756
746 756
748 756
749 756
614 757
615 757
616 757
619 757
637 757
645 757
648 757
650 757
663 757
679 757
685 757
686 757
705 757
716 757
727 757
731 757
732 757
739 757
743 757
608 758
611 758
612 758
613 758
616 758
621 758
635 758
640 758
650 758
664 758
676 758
680 758
703 758
712 758
722 758
726 758
749 758
752 758
614 759
622 759
636 759
642 759
648 759
653 759
655 759
660 759
671 759
682 759
695 759
703 759
710 759
610 760
611 760
623 760
652 760
661 760
663 760
688 760
697 760
702 760
709 760
717 760
728 760
737 760
740 760
607 761
614 761
622 761
629 761
650 761
658 761
674 761
685 761
718 761
730 761
731 761
736 761
739 761
740 761
743 761
747 761
751 761
616 762
619 762
622 762
630 762
631 762
643 762
665 762
676 762
679 762
711 762
724 762
731 762
738 762
759 762
603 763
604 763
605 763
616 763
618 763
637 763
643 763
644 763
651 763
655 763
670 763
693 763
695 763
712 763
725 763
734 763
741 763
745 763
752 763
757 763
600 764
606 764
618 764
666 764
671 764
685 764
696 764
721 764
731 764
743 764
600 765
606 765
610 765
616 765
633 765
634 765
651 765
657 765
658 765
659 765
666 765
671 765
689 765
691 765
692 765
694 765
705 765
706 765
708 765
720 765
744 765
763 765
764 765
600 766
605 766
611 766
613 766
629 766
653 766
663 766
670 766
681 766
683 766
686 766
705 766
711 766
712 766
735 766
741 766
745 766
609 767
611 767
614 767
626 767
653 767
666 767
672 767
674 767
679 767
685 767
709 767
710 767
735 767
737 767
741 767
748 767
757 767
604 768
619 768
628 768
640 768
643 768
648 768
658 768
667 768
677 768
683 768
692 768
694 768
706 768
716 768
723 768
751 768
753 768
757 768
627 769
656 769
661 769
662 769
679 769
681 769
691 769
716 769
727 769
739 769
749 769
762 769
603 770
604 770
613 770
614 770
644 770
645 770
653 770
678 770
683 770
687 770
692 770
712 770
714 770
717 770
729 770
732 770
739 770
766 770
610 771
629 771
632 771
636 771
638 771
641 771
642 771
649 771
655 771
671 771
678 771
690 771
710 771
724 771
737 771
742 771
747 771
763 771
768 771
769 771
607 772
616 772
620 772
626 772
631 772
636 772
638 772
666 772
679 772
694 772
712 772
716 772
723 772
732 772
735 772
736 772
742 772
743 772
744 772
748 772
752 772
771 772
610 773
623 773
650 773
660 773
662 773
677 773
724 773
728 773
733 773
734 773
739 773
743 773
749 773
750 773
760 773
765 773
622 774
625 774
628 774
629 774
634 774
637 774
654 774
680 774
683 774
706 774
712 774
720 774
725 774
737 774
747 774
751 774
759 774
762 774
601 775
606 775
608 775
611 775
644 775
647 775
648 775
657 775
660 775
671 775
697 775
713 775
736 775
747 775
751 775
758 775
762 775
766 775
606 776
610 776
625 776
633 776
644 776
656 776
663 776
683 776
706 776
714 776
723 776
725 776
726 776
728 776
733 776
771 776
674 777
689 777
691 777
698 777
717 777
725 777
735 777
758 777
771 777
605 778
613 778
614 778
621 778
622 778
632 778
644 778
645 778
682 778
684 778
697 778
714 778
742 778
757 778
764 778
769 778
607 779
613 779
631 779
648 779
650 779
667 779
683 779
685 779
689 779
696 779
697 779
723 779
726 779
727 779
733 779
748 779
767 779
773 779
612 780
625 780
637 780
642 780
659 780
666 780
692 780
696 780
706 780
724 780
771 780
600 781
602 781
604 781
606 781
608 781
611 781
615 781
662 781
676 781
686 781
689 781
691 781
703 781
706 781
744 781
754 781
759 781
768 781
613 782
618 782
619 782
623 782
633 782
634 782
639 782
654 782
655 782
661 782
665 782
666 782
678 782
685 782
687 782
715 782
735 782
753 782
757 782
602 783
609 783
612 783
614 783
651 783
654 783
657 783
664 783
667 783
688 783
690 783
709 783
737 783
760 783
766 783
768 783
634 784
654 784
663 784
675 784
686 784
725 784
734 784
738 784
758 784
761 784
766 784
767 784
771 784
614 785
665 785
676 785
684 785
699 785
708 785
710 785
712 785
714 785
720 785
748 785
774 785
611 786
614 786
618 786
627 786
634 786
650 786
652 786
668 786
689 786
708 786
716 786
720 786
722 786
730 786
745 786
746 786
753 786
754 786
759 786
770 786
781 786
782 786
606 787
630 787
633 787
640 787
641 787
642 787
682 787
697 787
704 787
717 787
721 787
729 787
733 787
751 787
755 787
756 787
779 787
783 787
601 788
613 788
622 788
627 788
662 788
663 788
675 788
684 788
692 788
705 788
706 788
709 788
720 788
734 788
762 788
767 788
769 788
772 788
787 788
622 789
626 789
642 789
650 789
655 789
657 789
667 789
675 789
681 789
687 789
714 789
718 789
730 789
736 789
750 789
767 789
608 790
609 790
625 790
627 790
629 790
635 790
639 790
640 790
655 790
665 790
676 790
694 790
702 790
713 790
725 790
730 790
735 790
739 790
745 790
748 790
755 790
761 790
764 790
781 790
638 791
652 791
656 791
666 791
679 791
700 791
706 791
712 791
725 791
727 791
737 791
739 791
741 791
751 791
755 791
759 791
777 791
778 791
601 792
607 792
641 792
642 792
668 792
676 792
713 792
735 792
744 792
761 792
776 792
790 792
606 793
618 793
624 793
627 793
634 793
655 793
666 793
718 793
728 793
746 793
752 793
757 793
762 793
774 793
779 793
781 793
783 793
603 794
605 794
609 794
611 794
624 794
639 794
643 794
644 794
658 794
661 794
662 794
665 794
674 794
675 794
676 794
683 794
685 794
692 794
695 794
724 794
742 794
766 794
606 795
612 795
614 795
615 795
636 795
638 795
647 795
655 795
664 795
672 795
693 795
715 795
718 795
720 795
727 795
728 795
746 795
749 795
754 795
600 796
603 796
606 796
608 796
634 796
644 796
659 796
665 796
666 796
669 796
670 796
671 796
680 796
691 796
701 796
709 796
725 796
729 796
742 796
773 796
774 796
784 796
793 796
604 797
606 797
613 797
634 797
637 797
644 797
647 797
654 797
657 797
661 797
663 797
670 797
671 797
685 797
690 797
700 797
723 797
733 797
738 797
740 797
742 797
755 797
761 797
763 797
776 797
779 797
603 798
608 798
609 798
626 798
652 798
653 798
677 798
684 798
689 798
691 798
710 798
714 798
718 798
719 798
731 798
765 798
773 798
774 798
791 798
797 798
610 799
611 799
617 799
622 799
626 799
647 799
667 799
681 799
682 799
707 799
721 799
724 799
731 799
734 799
746 799
774 799
791 799
799 800
748 801
630 803
659 804
770 804
612 805
757 808
757 811
791 811
623 813
608 815
704 815
753 815
608 818
734 820
791 820
737 822
698 824
704 824
712 824
714 824
737 827
727 828
775 830
721 831
692 832
628 833
771 833
797 833
665 834
740 834
795 836
602 837
613 838
656 838
756 840
791 840
622 841
670 842
651 843
684 844
715 844
697 845
620 848
617 849
687 850
751 850
610 852
644 852
626 853
615 854
640 854
630 855
792 856
610 859
764 859
681 860
617 862
644 862
656 864
780 865
621 866
631 866
644 866
645 866
712 866
776 867
615 868
787 868
629 869
673 869
726 870
779 873
706 875
637 876
748 877
781 877
602 879
641 879
690 880
622 882
684 882
705 883
771 883
627 884
623 886
605 887
644 887
783 887
664 888
686 891
733 891
677 892
685 896
799 896
719 897
730 897
774 897
771 898
752 900
644 901
645 901
725 901
614 902
615 902
788 902
658 903
639 904
691 905
708 905
744 906
626 908
701 908
772 909
721 910
639 911
798 913
781 917
774 920
627 921
658 921
639 922
612 923
621 923
615 924
741 924
615 926
720 927
798 927
634 928
761 928
780 928
642 930
713 932
611 933
698 933
715 933
730 933
751 935
797 935
630 936
663 936
710 937
725 937
606 938
721 938
772 938
679 939
771 939
685 941
739 941
603 942
622 944
610 945
620 946
719 946
717 947
747 949
776 949
781 950
609 951
630 951
708 952
722 954
716 955
783 955
705 957
666 959
773 959
601 960
612 960
610 962
737 962
690 967
747 967
764 967
600 970
613 971
716 975
705 976
756 976
778 976
789 977
746 978
643 981
653 981
773 982
608 983
622 983
625 985
666 987
625 988
711 989
746 992
738 995
705 999
800 804
802 806
800 808
802 811
810 811
803 813
806 813
807 814
812 814
806 815
809 815
801 816
808 817
811 817
813 817
814 817
801 818
805 818
806 818
800 819
804 819
809 819
811 819
808 820
800 821
803 821
812 821
808 822
810 822
818 822
806 823
813 823
818 823
810 825
822 825
810 826
823 826
810 828
816 828
817 828
804 829
818 829
804 830
806 830
801 831
811 831
823 832
830 832
831 832
802 833
803 833
812 833
811 834
819 834
824 834
815 835
826 835
800 836
801 836
802 836
819 836
823 836
825 836
827 836
834 836
814 837
815 837
817 837
828 837
833 837
834 837
801 838
806 838
808 838
818 838
825 838
813 839
832 839
801 840
803 840
807 840
808 840
813 840
822 840
827 840
836 840
804 841
809 841
816 841
817 841
821 841
827 841
830 841
832 841
839 841
840 841
803 842
812 842
829 842
833 842
839 842
810 843
838 843
801 844
833 844
834 844
810 845
817 845
820 845
835 845
838 845
841 845
843 845
802 846
811 846
836 846
803 847
805 847
834 847
837 847
843 847
800 848
811 848
830 849
801 850
822 850
826 850
829 850
833 850
840 850
810 851
821 851
822 851
832 851
837 851
811 852
822 852
824 852
833 852
835 852
809 853
815 854
805 855
810 855
820 855
841 855
854 855
806 856
817 856
832 856
835 856
841 856
801 857
824 857
852 857
854 857
819 858
831 858
843 858
849 858
852 858
853 858
802 859
803 859
805 859
832 859
833 859
834 859
837 859
838 859
857 859
829 860
841 860
804 861
806 861
812 861
818 861
822 861
834 861
845 861
847 861
808 862
816 862
821 862
824 862
838 862
841 862
842 862
846 862
856 862
861 862
812 863
837 863
848 863
858 863
860 863
806 864
813 864
814 864
834 864
806 865
841 865
854 865
800 866
804 866
813 866
832 866
842 866
801 867
804 867
823 867
837 867
821 868
837 868
843 868
850 868
853 868
802 869
849 869
858 869
864 869
815 870
824 870
828 870
832 870
835 870
837 870
857 870
800 871
802 871
824 871
834 871
838 871
846 871
850 871
801 872
823 872
824 872
834 872
843 872
857 872
805 873
811 873
828 873
834 873
841 873
860 873
862 873
804 874
806 874
814 874
815 874
823 874
839 874
849 874
857 874
863 874
816 875
823 875
844 875
853 875
855 875
868 875
870 875
808 876
815 876
819 876
820 876
826 876
834 876
835 876
836 876
854 876
861 876
869 876
872 876
875 876
800 877
807 877
811 877
813 877
836 877
837 877
858 877
871 877
875 877
804 878
815 878
820 878
832 878
836 878
838 878
852 878
859 878
803 879
807 879
810 879
813 879
847 879
849 879
871 879
800 880
822 880
845 880
846 880
848 880
875 880
879 880
802 881
804 881
817 881
838 881
839 881
840 881
849 881
853 881
862 881
868 881
869 881
870 881
876 881
812 882
822 882
834 882
803 883
804 883
814 883
821 883
828 883
834 883
863 883
867 883
880 883
801 884
811 884
813 884
820 884
841 884
845 884
846 884
857 884
880 884
820 885
824 885
837 885
842 885
850 885
853 885
857 885
859 885
803 886
811 886
813 886
825 886
828 886
841 886
848 886
874 886
811 887
828 887
833 887
839 887
850 887
855 887
861 887
880 887
882 887
884 887
801 888
810 888
815 888
824 888
801 889
803 889
822 889
840 889
872 889
826 890
829 890
830 890
831 890
838 890
850 890
861 890
863 890
870 890
878 890
880 890
882 890
884 890
816 891
821 891
831 891
834 891
836 891
847 891
848 891
868 891
869 891
885 891
801 892
806 892
809 892
811 892
818 892
830 892
837 892
839 892
847 892
857 892
881 892
889 892
816 893
820 893
827 893
833 893
868 893
884 893
815 894
869 894
886 894
802 895
804 895
828 895
831 895
841 895
845 895
857 895
879 895
816 896
821 896
825 896
826 896
852 896
867 896
870 896
826 897
843 897
853 897
894 897
895 897
820 898
824 898
833 898
843 898
877 898
819 899
824 899
825 899
837 899
845 899
855 899
871 899
873 899
880 899
890 899
815 900
833 900
834 900
842 900
874 900
875 900
876 900
895 900
800 901
802 901
804 901
806 901
808 901
811 901
825 901
832 901
859 901
875 901
880 901
883 901
888 901
889 901
891 901
809 902
810 902
816 902
817 902
830 902
838 902
847 902
852 902
868 902
874 902
883 902
891 902
806 903
811 903
832 903
850 903
854 903
868 903
893 903
898 903
803 904
814 904
828 904
830 904
831 904
832 904
843 904
846 904
848 904
901 904
903 904
812 905
815 905
836 905
853 905
865 905
869 905
875 905
899 905
900 905
901 905
801 906
807 906
821 906
828 906
834 906
854 906
860 906
876 906
890 906
895 906
818 907
836 907
837 907
853 907
859 907
861 907
871 907
875 907
879 907
895 907
800 908
804 908
806 908
824 908
833 908
850 908
857 908
865 908
867 908
887 908
903 908
905 908
811 909
812 909
817 909
843 909
844 909
854 909
861 909
863 909
882 909
889 909
898 909
800 910
804 910
805 910
812 910
818 910
856 910
861 910
879 910
886 910
887 910
891 910
805 911
806 911
809 911
811 911
813 911
830 911
851 911
909 911
813 912
818 912
849 912
867 912
874 912
881 912
889 912
890 912
897 912
813 913
850 913
860 913
864 913
870 913
879 913
882 913
883 913
886 913
888 913
894 913
906 913
908 913
802 914
805 914
815 914
817 914
819 914
821 914
830 914
840 914
848 914
851 914
854 914
855 914
859 914
860 914
874 914
885 914
886 914
806 915
808 915
814 915
822 915
832 915
834 915
837 915
843 915
859 915
891 915
892 915
910 915
815 916
833 916
842 916
844 916
861 916
868 916
872 916
905 916
909 916
910 916
833 917
835 917
839 917
846 917
872 917
880 917
897 917
913 917
807 918
808 918
814 918
820 918
823 918
846 918
856 918
857 918
862 918
879 918
895 918
901 918
905 918
906 918
821 919
826 919
830 919
836 919
841 919
850 919
871 919
881 919
882 919
895 919
898 919
914 919
803 920
808 920
814 920
821 920
844 920
849 920
850 920
852 920
855 920
862 920
871 920
897 920
900 920
914 920
916 920
917 920
815 921
816 921
821 921
825 921
829 921
842 921
849 921
854 921
856 921
858 921
871 921
882 921
883 921
885 921
891 921
912 921
915 921
803 922
805 922
854 922
864 922
868 922
874 922
883 922
884 922
898 922
908 922
913 922
819 923
836 923
838 923
849 923
871 923
876 923
922 923
804 924
811 924
834 924
842 924
849 924
894 924
896 924
900 924
904 924
911 924
802 925
812 925
814 925
836 925
847 925
861 925
875 925
879 925
880 925
890 925
892 925
900 925
902 925
916 925
801 926
818 926
829 926
833 926
834 926
835 926
839 926
847 926
849 926
858 926
868 926
869 926
886 926
895 926
914 926
918 926
924 926
807 927
810 927
815 927
820 927
825 927
826 927
829 927
848 927
887 927
893 927
900 927
914 927
917 927
918 927
807 928
827 928
838 928
876 928
878 928
879 928
883 928
894 928
805 929
832 929
851 929
875 929
880 929
882 929
891 929
896 929
908 929
912 929
923 929
927 929
803 930
808 930
812 930
817 930
823 930
834 930
839 930
859 930
872 930
876 930
885 930
894 930
904 930
911 930
912 930
922 930
813 931
814 931
843 931
856 931
862 931
865 931
870 931
886 931
894 931
897 931
905 931
919 931
926 931
928 931
802 932
819 932
820 932
829 932
841 932
846 932
850 932
851 932
860 932
862 932
885 932
895 932
912 932
915 932
916 932
923 932
931 932
815 933
828 933
839 933
842 933
851 933
868 933
878 933
883 933
894 933
895 933
917 933
918 933
928 933
930 933
931 933
811 934
818 934
825 934
828 934
842 934
846 934
850 934
867 934
873 934
881 934
885 934
899 934
901 934
920 934
926 934
815 935
822 935
828 935
834 935
840 935
843 935
871 935
888 935
902 935
912 935
913 935
917 935
925 935
932 935
807 936
815 936
831 936
834 936
849 936
852 936
864 936
878 936
883 936
904 936
908 936
920 936
928 936
930 936
935 936
817 937
818 937
820 937
826 937
827 937
836 937
839 937
841 937
866 937
876 937
883 937
888 937
892 937
899 937
903 937
935 937
812 938
819 938
832 938
841 938
846 938
866 938
868 938
875 938
894 938
896 938
904 938
905 938
911 938
926 938
928 938
936 938
800 939
815 939
817 939
837 939
842 939
876 939
878 939
889 939
900 939
910 939
915 939
921 939
924 939
932 939
936 939
801 940
811 940
819 940
842 940
844 940
845 940
849 940
851 940
855 940
860 940
871 940
901 940
923 940
924 940
926 940
803 941
808 941
818 941
834 941
837 941
839 941
884 941
894 941
909 941
911 941
937 941
809 942
823 942
832 942
843 942
848 942
856 942
876 942
892 942
893 942
909 942
915 942
923 942
925 942
926 942
930 942
812 943
815 943
828 943
835 943
836 943
846 943
848 943
859 943
871 943
882 943
889 943
891 943
895 943
927 943
936 943
802 944
803 944
829 944
839 944
840 944
842 944
845 944
846 944
866 944
872 944
877 944
879 944
909 944
805 945
811 945
816 945
824 945
839 945
841 945
850 945
853 945
854 945
860 945
886 945
891 945
896 945
902 945
903 945
912 945
927 945
937 945
808 946
856 946
859 946
870 946
872 946
877 946
880 946
893 946
901 946
903 946
911 946
810 947
818 947
843 947
847 947
851 947
854 947
860 947
862 947
870 947
872 947
899 947
905 947
923 947
930 947
811 948
815 948
827 948
857 948
871 948
872 948
876 948
883 948
898 948
900 948
904 948
911 948
921 948
923 948
924 948
937 948
943 948
824 949
827 949
852 949
854 949
860 949
861 949
877 949
895 949
900 949
910 949
915 949
916 949
925 949
933 949
803 950
804 950
807 950
811 950
819 950
825 950
826 950
861 950
865 950
872 950
876 950
877 950
887 950
894 950
916 950
929 950
939 950
949 950
811 951
820 951
830 951
833 951
834 951
839 951
841 951
843 951
852 951
870 951
875 951
882 951
884 951
899 951
909 951
920 951
930 951
950 951
809 952
810 952
820 952
830 952
844 952
847 952
851 952
858 952
875 952
881 952
895 952
941 952
942 952
947 952
800 953
820 953
831 953
842 953
851 953
889 953
895 953
916 953
922 953
931 953
948 953
803 954
809 954
821 954
822 954
841 954
844 954
849 954
853 954
855 954
867 954
883 954
891 954
898 954
912 954
919 954
927 954
936 954
951 954
844 955
865 955
877 955
890 955
891 955
904 955
910 955
913 955
914 955
924 955
801 956
824 956
827 956
829 956
830 956
835 956
846 956
850 956
855 956
866 956
872 956
885 956
899 956
907 956
908 956
916 956
917 956
926 956
931 956
932 956
941 956
801 957
808 957
809 957
814 957
815 957
841 957
854 957
865 957
866 957
875 957
876 957
878 957
886 957
890 957
892 957
903 957
907 957
915 957
919 957
941 957
943 957
802 958
805 958
812 958
832 958
833 958
849 958
876 958
881 958
884 958
894 958
898 958
900 958
904 958
908 958
912 958
916 958
932 958
939 958
944 958
947 958
820 959
826 959
833 959
835 959
866 959
877 959
883 959
888 959
909 959
911 959
912 959
927 959
946 959
954 959
802 960
803 960
816 960
828 960
862 960
885 960
886 960
893 960
895 960
900 960
906 960
915 960
918 960
926 960
935 960
958 960
805 961
815 961
816 961
817 961
870 961
880 961
886 961
907 961
923 961
925 961
926 961
928 961
937 961
941 961
952 961
801 962
818 962
826 962
838 962
839 962
871 962
874 962
878 962
880 962
887 962
888 962
889 962
895 962
897 962
909 962
910 962
946 962
952 962
800 963
802 963
817 963
820 963
839 963
845 963
863 963
878 963
880 963
889 963
890 963
892 963
899 963
908 963
935 963
944 963
947 963
950 963
954 963
956 963
959 963
804 964
805 964
819 964
831 964
837 964
849 964
853 964
873 964
883 964
887 964
910 964
920 964
921 964
922 964
926 964
928 964
933 964
952 964
955 964
963 964
816 965
827 965
830 965
840 965
842 965
861 965
875 965
880 965
896 965
898 965
907 965
909 965
942 965
957 965
812 966
826 966
838 966
839 966
849 966
854 966
855 966
874 966
884 966
886 966
898 966
937 966
941 966
960 966
805 967
808 967
811 967
813 967
817 967
824 967
826 967
850 967
885 967
888 967
916 967
924 967
943 967
944 967
949 967
953 967
961 967
964 967
804 968
807 968
810 968
829 968
832 968
838 968
884 968
898 968
903 968
908 968
922 968
923 968
924 968
925 968
926 968
940 968
949 968
806 969
831 969
832 969
847 969
867 969
875 969
882 969
888 969
889 969
898 969
913 969
938 969
942 969
964 969
800 970
803 970
808 970
809 970
814 970
821 970
823 970
838 970
847 970
848 970
861 970
889 970
901 970
907 970
917 970
924 970
931 970
935 970
942 970
946 970
950 970
969 970
815 971
826 971
861 971
865 971
872 971
873 971
878 971
891 971
900 971
902 971
909 971
910 971
925 971
927 971
940 971
941 971
820 972
832 972
837 972
839 972
844 972
847 972
850 972
863 972
866 972
891 972
897 972
911 972
928 972
933 972
935 972
940 972
947 972
953 972
800 973
814 973
816 973
819 973
838 973
844 973
850 973
865 973
873 973
879 973
885 973
895 973
897 973
904 973
916 973
924 973
927 973
945 973
804 974
826 974
845 974
874 974
875 974
880 974
881 974
882 974
886 974
887 974
895 974
905 974
916 974
918 974
939 974
946 974
964 974
966 974
967 974
803 975
807 975
816 975
829 975
837 975
851 975
854 975
872 975
880 975
887 975
899 975
934 975
944 975
945 975
954 975
810 976
820 976
827 976
831 976
835 976
843 976
844 976
858 976
881 976
887 976
895 976
907 976
911 976
920 976
934 976
936 976
956 976
973 976
975 976
802 977
811 977
835 977
837 977
840 977
845 977
864 977
866 977
874 977
904 977
911 977
912 977
920 977
923 977
929 977
933 977
940 977
949 977
964 977
971 977
976 977
809 978
824 978
833 978
835 978
837 978
858 978
866 978
867 978
876 978
878 978
902 978
904 978
913 978
949 978
967 978
807 979
813 979
831 979
851 979
864 979
885 979
891 979
905 979
922 979
966 979
972 979
975 979
977 979
800 980
810 980
812 980
818 980
834 980
839 980
863 980
867 980
870 980
880 980
906 980
908 980
931 980
937 980
939 980
950 980
976 980
803 981
808 981
827 981
829 981
834 981
837 981
847 981
855 981
857 981
872 981
877 981
882 981
884 981
885 981
893 981
910 981
913 981
933 981
951 981
972 981
979 981
804 982
811 982
812 982
819 982
854 982
865 982
868 982
879 982
884 982
896 982
905 982
921 982
932 982
944 982
954 982
959 982
964 982
967 982
968 982
971 982
972 982
807 983
835 983
850 983
866 983
880 983
884 983
890 983
923 983
925 983
937 983
939 983
946 983
959 983
962 983
970 983
972 983
977 983
841 984
884 984
889 984
900 984
904 984
905 984
927 984
929 984
932 984
934 984
937 984
940 984
941 984
943 984
954 984
964 984
967 984
981 984
835 985
841 985
846 985
848 985
854 985
857 985
858 985
860 985
870 985
880 985
893 985
904 985
908 985
916 985
934 985
939 985
959 985
967 985
804 986
814 986
824 986
829 986
834 986
838 986
845 986
848 986
854 986
857 986
860 986
863 986
870 986
872 986
880 986
883 986
904 986
906 986
913 986
916 986
930 986
932 986
933 986
934 986
958 986
973 986
980 986
984 986
804 987
813 987
814 987
816 987
831 987
855 987
861 987
862 987
864 987
867 987
868 987
869 987
883 987
886 987
908 987
912 987
939 987
943 987
944 987
962 987
805 988
809 988
822 988
852 988
854 988
894 988
896 988
902 988
915 988
917 988
933 988
949 988
951 988
958 988
962 988
968 988
973 988
977 988
801 989
809 989
815 989
822 989
825 989
843 989
861 989
887 989
890 989
893 989
905 989
921 989
925 989
941 989
948 989
966 989
975 989
981 989
812 990
830 990
835 990
858 990
860 990
881 990
883 990
890 990
899 990
902 990
909 990
932 990
942 990
959 990
974 990
979 990
985 990
814 991
819 991
834 991
838 991
840 991
844 991
865 991
866 991
876 991
877 991
896 991
905 991
922 991
934 991
936 991
941 991
943 991
945 991
948 991
958 991
960 991
966 991
977 991
981 991
802 992
807 992
812 992
814 992
821 992
833 992
835 992
842 992
843 992
850 992
865 992
871 992
895 992
901 992
950 992
960 992
961 992
963 992
965 992
985 992
991 992
814 993
823 993
825 993
838 993
839 993
852 993
876 993
897 993
911 993
917 993
919 993
922 993
930 993
932 993
946 993
950 993
960 993
964 993
965 993
806 994
862 994
867 994
884 994
889 994
903 994
923 994
924 994
933 994
952 994
969 994
984 994
987 994
804 995
807 995
816 995
833 995
834 995
847 995
850 995
851 995
865 995
869 995
871 995
873 995
889 995
894 995
904 995
923 995
928 995
938 995
955 995
959 995
970 995
975 995
978 995
990 995
993 995
822 996
833 996
838 996
845 996
848 996
857 996
858 996
860 996
864 996
865 996
872 996
878 996
885 996
903 996
907 996
933 996
940 996
961 996
964 996
968 996
969 996
981 996
820 997
828 997
832 997
835 997
844 997
853 997
861 997
876 997
877 997
892 997
896 997
915 997
943 997
976 997
980 997
810 998
821 998
826 998
827 998
830 998
835 998
839 998
851 998
873 998
875 998
881 998
884 998
890 998
892 998
902 998
907 998
916 998
920 998
925 998
943 998
962 998
966 998
968 998
973 998
978 998
980 998
814 999
829 999
847 999
848 999
850 999
852 999
854 999
858 999
863 999
885 999
893 999
912 999
918 999
923 999
925 999
933 999
938 999
939 999
951 999
955 999
957 999
998 999
