0 4
7 9
4 10
2 11
7 12
10 12
11 14
12 14
10 15
2 18
3 18
6 19
11 19
4 20
13 20
1 21
12 21
2 22
3 22
13 22
1 23
16 24
14 25
16 25
14 26
0 27
6 28
3 29
25 30
3 31
20 31
25 32
6 33
23 33
10 34
27 34
34 36
34 37
9 38
13 38
18 38
25 38
25 39
1 40
3 40
17 40
0 41
22 41
33 41
6 42
7 42
18 42
33 42
34 43
8 44
30 44
42 44
10 45
27 45
0 46
5 46
30 46
36 46
46 47
33 48
37 48
6 49
10 49
18 49
25 49
4 50
9 50
20 50
33 50
33 51
40 51
41 51
34 52
0 53
26 53
21 55
2 56
13 56
32 56
34 56
51 56
3 57
52 57
28 58
52 58
56 58
22 59
51 59
52 59
2 60
14 60
15 60
42 60
43 60
58 60
48 61
53 61
7 62
18 62
51 62
53 62
20 63
52 63
0 64
2 64
51 64
58 64
38 65
12 67
22 67
30 67
38 67
57 67
10 68
23 68
26 68
46 68
48 68
37 69
43 70
44 70
45 70
1 71
48 71
55 71
65 71
10 72
41 72
42 72
49 72
5 73
8 73
45 73
18 74
36 74
56 74
73 74
2 75
8 75
43 75
36 76
48 76
72 76
2 77
25 78
55 78
75 78
19 79
20 79
37 79
72 79
19 80
52 80
5 81
20 81
44 81
45 81
47 81
57 81
59 81
3 82
30 82
56 82
67 82
81 82
28 83
36 83
81 83
30 84
54 84
70 84
18 85
27 85
37 85
55 85
0 86
18 86
19 86
29 86
67 86
71 86
84 86
10 87
37 87
74 87
86 87
1 88
8 88
26 88
37 88
52 88
80 88
4 89
37 89
43 89
46 89
85 89
10 90
23 90
32 90
86 90
89 90
15 91
38 91
54 91
70 91
82 91
17 92
18 92
46 92
51 92
57 92
80 92
32 93
57 93
71 93
72 93
91 93
70 94
72 94
81 94
19 95
3 96
28 96
36 96
95 96
96 97
2 98
12 98
21 98
27 98
29 98
32 98
78 98
87 98
5 99
32 99
49 99
59 99
64 99
68 99
79 99
4 100
49 100
67 100
80 100
65 101
79 101
94 101
35 102
56 102
74 102
42 103
43 103
52 103
53 103
31 104
43 104
11 105
21 105
49 105
63 105
71 105
81 105
89 105
9 106
23 106
32 106
65 106
74 106
101 106
24 107
26 107
74 107
103 107
104 107
105 107
14 108
25 108
27 108
30 108
33 108
40 108
52 108
86 108
89 108
15 109
17 109
20 109
55 109
57 109
64 109
66 109
69 109
78 109
89 109
106 109
0 110
11 110
38 110
47 110
52 110
64 110
83 110
94 110
109 110
33 111
44 111
88 111
6 112
22 112
50 112
66 112
94 112
21 113
101 113
106 113
10 114
68 114
91 114
4 115
10 115
23 115
31 115
79 115
91 115
94 115
97 115
2 116
5 116
25 116
20 117
36 117
54 117
93 117
101 117
103 117
107 117
110 117
32 118
34 118
37 118
54 118
69 118
89 118
95 118
115 118
6 119
80 119
18 120
30 120
106 120
58 121
62 121
79 121
88 121
114 121
7 122
26 122
28 122
59 122
90 122
118 122
1 123
18 123
63 123
67 123
103 123
118 123
25 124
33 124
49 124
84 124
86 124
1 125
27 125
67 125
86 125
90 125
31 126
41 126
48 126
58 126
59 126
67 126
70 126
84 126
91 126
97 126
112 126
3 127
49 127
73 127
98 127
29 128
30 128
67 128
89 128
98 128
62 129
66 129
68 129
77 129
53 130
86 130
111 130
123 130
13 131
106 131
19 132
57 132
60 132
89 132
116 132
74 133
97 133
101 133
127 133
16 134
69 134
98 134
114 134
20 135
41 135
45 135
15 136
88 136
109 136
52 137
82 137
100 137
107 137
122 137
0 138
19 138
28 138
104 138
126 138
14 139
22 139
33 139
59 139
84 139
28 140
29 140
45 140
74 140
75 140
86 140
94 140
103 140
136 140
7 141
9 141
17 141
42 141
52 141
54 141
76 141
94 141
115 141
3 142
8 142
14 142
36 142
38 142
83 142
85 142
101 142
117 142
33 143
43 143
83 143
105 143
110 143
114 143
133 143
24 144
48 144
51 144
69 144
106 144
30 145
31 145
44 145
65 145
91 145
93 145
97 145
128 145
53 146
74 146
98 146
122 146
133 146
134 146
10 147
43 147
83 147
93 147
106 147
110 147
111 147
126 147
4 148
53 148
55 148
62 148
83 148
87 148
90 148
109 148
124 148
147 148
13 149
47 149
56 149
87 149
108 149
120 149
123 149
134 149
141 149
20 150
21 150
57 150
112 150
123 150
125 150
14 151
38 151
61 151
78 151
84 151
100 151
106 151
108 151
116 151
127 151
16 152
25 152
34 152
52 152
65 152
74 152
86 152
90 152
94 152
102 152
25 153
26 153
32 153
88 153
98 153
112 153
118 153
121 153
130 153
9 154
41 154
51 154
108 154
2 155
47 155
91 155
113 155
132 155
133 155
30 156
38 156
50 156
51 156
53 156
80 156
131 156
144 156
146 156
25 157
45 157
62 157
66 157
83 157
129 157
134 157
23 158
52 158
86 158
21 159
63 159
89 159
111 159
114 159
135 159
12 160
31 160
34 160
44 160
72 160
117 160
122 160
146 160
148 160
157 160
158 160
19 161
30 161
35 161
38 161
47 161
73 161
86 161
96 161
106 161
122 161
124 161
140 161
158 161
29 162
34 162
65 162
89 162
104 162
113 162
138 162
145 162
3 163
12 163
39 163
42 163
69 163
73 163
112 163
125 163
139 163
6 164
9 164
67 164
102 164
162 164
24 165
31 165
58 165
68 165
72 165
83 165
89 165
116 165
128 165
143 165
156 165
44 166
49 166
54 166
56 166
70 166
79 166
88 166
92 166
94 166
130 166
143 166
159 166
124 167
158 167
164 167
3 168
14 168
26 168
38 168
51 168
64 168
101 168
165 168
11 169
21 169
129 169
156 169
27 170
35 170
42 170
51 170
62 170
67 170
93 170
99 170
144 170
166 170
12 171
13 171
24 171
25 171
26 171
84 171
90 171
101 171
116 171
148 171
157 171
24 172
49 172
68 172
70 172
80 172
104 172
107 172
146 172
9 173
31 173
137 173
138 173
145 173
165 173
15 174
28 174
48 174
56 174
65 174
89 174
91 174
97 174
105 174
108 174
133 174
166 174
22 175
35 175
72 175
96 175
108 175
125 175
174 175
2 176
9 176
48 176
49 176
118 176
133 176
139 176
164 176
165 176
87 177
91 177
142 177
146 177
166 177
3 178
8 178
27 178
65 178
91 178
105 178
119 178
135 178
150 178
109 179
120 179
140 179
174 179
25 180
42 180
58 180
70 180
93 180
97 180
119 180
178 180
2 181
76 181
89 181
102 181
111 181
126 181
130 181
156 181
162 181
22 182
31 182
42 182
60 182
63 182
71 182
88 182
153 182
170 182
172 182
7 183
12 183
49 183
86 183
89 183
98 183
107 183
131 183
151 183
17 184
43 184
57 184
61 184
77 184
101 184
134 184
141 184
147 184
10 185
13 185
29 185
58 185
72 185
94 185
137 185
146 185
161 185
170 185
36 186
84 186
107 186
127 186
149 186
16 187
26 187
39 187
62 187
110 187
114 187
122 187
155 187
157 187
185 187
11 188
17 188
24 188
48 188
100 188
164 188
6 189
33 189
40 189
54 189
81 189
83 189
98 189
125 189
179 189
15 190
30 190
40 190
47 190
91 190
104 190
109 190
134 190
135 190
153 190
156 190
171 190
16 191
31 191
44 191
52 191
105 191
129 191
131 191
168 191
187 191
1 192
2 192
15 192
21 192
42 192
72 192
74 192
89 192
124 192
160 192
186 192
20 193
53 193
57 193
71 193
129 193
131 193
132 193
160 193
176 193
3 194
49 194
51 194
55 194
62 194
90 194
98 194
122 194
125 194
160 194
10 195
46 195
54 195
82 195
84 195
107 195
113 195
123 195
168 195
182 195
183 195
11 196
12 196
79 196
81 196
85 196
101 196
131 196
148 196
150 196
155 196
167 196
173 196
177 196
17 197
39 197
41 197
80 197
96 197
101 197
118 197
130 197
131 197
133 197
1 198
36 198
43 198
56 198
57 198
61 198
110 198
112 198
192 198
195 198
32 199
33 199
40 199
49 199
68 199
84 199
90 199
105 199
176 199
147 203
8 209
139 209
18 214
129 224
100 225
54 226
81 228
186 233
13 248
81 252
13 258
122 270
44 273
135 276
44 281
123 281
27 303
70 309
85 317
94 324
65 325
26 335
28 343
17 346
121 347
59 349
92 349
160 353
129 354
183 356
57 357
5 361
114 365
81 367
122 373
9 376
174 380
174 382
156 384
45 399
115 401
96 415
196 419
129 424
39 436
148 436
79 437
15 438
68 442
192 456
31 483
13 489
50 489
149 490
28 499
83 499
70 505
138 506
62 523
28 525
44 530
75 530
129 530
179 532
33 538
70 540
112 541
2 544
164 547
198 554
128 559
96 560
191 566
46 575
0 576
191 586
156 587
176 592
111 593
36 594
18 612
138 612
178 623
176 641
102 651
11 652
104 655
184 656
151 659
25 664
195 664
55 672
50 693
32 699
196 699
146 701
177 705
85 708
99 708
154 711
159 712
82 722
34 723
190 733
106 735
109 740
42 743
106 748
82 752
169 752
16 754
67 754
88 755
182 756
13 763
2 770
118 770
136 777
18 784
163 787
193 789
85 792
101 793
27 795
40 817
148 818
148 823
195 827
30 838
19 840
148 859
196 863
27 873
148 893
51 907
73 914
194 919
40 922
135 926
186 928
32 929
166 929
199 930
1 932
3 950
21 951
89 956
41 984
196 984
114 994
194 997
200 203
205 207
200 208
205 208
206 211
201 214
203 215
204 216
207 216
202 217
211 217
203 218
203 219
206 219
216 219
217 220
218 221
203 222
210 224
224 226
202 227
204 227
211 227
223 227
201 228
227 229
210 230
209 231
221 231
221 232
231 232
213 233
230 233
224 235
234 235
200 236
204 236
206 236
212 236
200 237
201 237
236 239
206 240
212 240
239 240
226 241
232 241
233 241
234 241
238 241
240 242
225 243
228 243
204 244
220 244
233 245
236 245
200 246
216 246
233 246
231 247
232 247
222 248
235 248
239 248
243 248
229 249
235 249
202 250
219 251
220 252
221 252
234 252
221 253
252 253
206 254
209 254
212 254
225 254
232 254
248 254
202 255
217 255
219 256
226 256
254 256
203 257
211 257
248 257
249 257
221 258
250 258
251 258
219 259
226 259
247 259
249 259
257 259
221 260
232 261
260 261
204 262
208 262
213 262
256 262
213 263
214 263
239 263
206 265
259 265
201 266
223 266
229 266
236 266
212 267
222 267
227 267
215 268
207 269
210 269
230 269
239 269
241 269
211 270
230 270
253 270
267 270
268 270
200 271
207 271
218 271
228 271
230 271
234 271
256 271
204 272
227 272
230 272
269 272
271 272
218 273
270 273
211 274
218 274
224 274
242 274
269 274
237 275
252 275
263 275
265 275
214 276
243 276
248 276
260 276
263 276
222 277
230 277
237 277
238 277
244 277
211 278
212 278
217 278
247 278
210 279
227 279
243 279
254 280
262 280
278 280
249 281
258 281
260 281
220 282
240 282
245 282
246 282
264 282
204 284
208 284
241 284
244 284
262 284
269 284
214 285
229 285
254 285
257 285
266 285
201 286
203 286
206 286
209 286
216 286
226 286
227 286
234 286
219 287
255 287
276 287
218 288
232 288
255 288
270 288
201 289
217 289
256 289
221 290
274 290
288 290
200 291
210 291
213 291
215 291
234 291
240 291
249 291
254 291
200 292
203 292
209 292
233 292
236 292
219 293
251 293
257 293
292 293
210 294
224 294
227 294
236 294
280 294
286 294
205 295
257 295
279 295
204 296
246 296
269 296
295 296
227 297
228 297
244 297
252 297
265 297
272 297
273 297
288 297
290 297
231 298
245 298
250 298
274 298
201 299
221 299
223 299
234 299
243 299
275 299
240 300
287 300
297 300
204 301
212 301
216 301
228 301
245 301
262 301
297 301
222 302
263 302
286 302
211 303
215 303
236 303
239 303
270 303
276 303
281 303
206 304
209 304
226 304
240 305
260 305
268 305
272 306
286 306
209 307
215 307
233 307
247 307
267 307
209 308
254 308
259 308
264 308
203 309
226 309
229 309
251 309
261 309
270 309
278 309
292 309
294 309
201 310
207 310
210 310
229 310
297 310
214 311
252 311
283 311
306 311
307 311
214 312
220 312
239 312
256 312
262 312
268 312
270 312
234 313
249 313
274 313
278 313
302 313
305 313
206 314
229 314
241 314
260 314
261 314
286 314
312 314
200 315
252 315
258 315
294 315
301 315
312 315
224 316
257 316
270 316
206 317
245 317
249 317
275 317
286 317
294 317
316 317
217 318
234 318
240 318
262 318
271 318
304 318
204 319
214 319
220 319
238 319
252 319
253 319
266 319
283 319
210 320
227 320
312 320
317 320
226 321
234 321
254 321
282 321
203 322
204 322
264 322
313 322
319 322
203 323
217 323
219 323
222 323
314 323
315 323
316 323
317 323
200 324
204 324
221 324
274 324
287 324
315 324
317 324
207 325
209 325
211 325
213 325
219 325
235 325
258 325
272 325
301 325
314 325
324 325
205 326
220 326
253 326
273 326
278 326
323 326
210 327
224 327
262 327
283 327
288 327
313 327
324 327
216 328
234 328
292 328
295 328
323 328
248 329
266 329
313 329
317 329
328 329
201 330
218 330
252 330
273 330
294 330
316 330
326 330
211 331
262 331
278 331
304 331
315 331
325 331
327 331
209 332
216 332
225 332
257 332
274 332
275 332
311 332
205 333
227 333
245 333
251 333
253 333
307 333
313 333
319 333
326 333
203 334
219 334
235 334
244 334
246 334
251 334
270 334
275 334
283 334
308 334
326 334
215 335
230 335
231 335
318 335
334 335
211 336
259 336
264 336
327 336
210 337
301 337
302 337
326 337
205 338
216 338
252 338
296 338
317 338
229 339
251 339
257 339
264 339
270 339
315 339
319 339
324 339
211 340
282 340
322 340
335 340
232 341
236 341
240 341
246 341
293 341
223 342
225 342
227 342
238 342
245 342
279 342
285 342
286 342
300 342
329 342
231 343
301 343
320 343
202 344
220 344
229 344
231 344
255 344
263 344
300 344
309 344
216 345
231 345
251 345
256 345
262 345
309 345
319 345
332 345
203 346
207 346
221 346
227 346
239 346
297 346
301 346
309 346
320 346
337 346
213 347
270 347
280 347
284 347
295 347
300 347
303 347
317 347
231 348
237 348
246 348
258 348
284 348
310 348
331 348
239 349
244 349
261 349
278 349
307 349
308 349
324 349
332 349
226 350
319 350
203 351
218 351
242 351
245 351
253 351
255 351
264 351
285 351
287 351
289 351
291 351
297 351
300 351
338 351
215 352
217 352
233 352
252 352
258 352
259 352
286 352
311 352
313 352
317 352
320 352
347 352
210 353
215 353
232 353
295 353
331 353
245 354
254 354
263 354
283 354
288 354
320 354
344 354
347 354
216 355
221 355
235 355
242 355
256 355
282 355
301 355
303 355
311 355
329 355
237 356
254 356
260 356
270 356
275 356
281 356
200 357
218 357
219 357
228 357
230 357
236 357
245 357
265 357
268 357
269 357
299 357
327 357
349 357
351 357
353 357
214 358
231 358
284 358
315 358
319 358
336 358
340 358
239 359
245 359
247 359
272 359
293 359
298 359
301 359
321 359
338 359
343 359
347 359
227 360
270 360
311 360
332 360
200 361
205 361
208 361
244 361
245 361
289 361
328 361
332 361
357 361
205 362
212 362
214 362
278 362
212 363
213 363
218 363
223 363
227 363
238 363
257 363
294 363
315 363
334 363
201 364
262 364
283 364
309 364
326 364
338 364
237 365
238 365
252 365
311 365
320 365
325 365
343 365
252 366
334 366
203 367
224 367
249 367
250 367
258 367
267 367
270 367
306 367
331 367
333 367
343 367
344 367
210 368
214 368
232 368
300 368
357 368
204 369
218 369
235 369
255 369
263 369
265 369
298 369
349 369
359 369
361 369
206 370
241 370
248 370
250 370
270 370
294 370
308 370
334 370
341 370
354 370
232 371
240 371
256 371
259 371
272 371
295 371
299 371
343 371
223 372
225 372
241 372
253 372
260 372
271 372
281 372
291 372
292 372
313 372
320 372
339 372
356 372
237 373
249 373
313 373
335 373
341 373
345 373
365 373
235 374
252 374
255 374
261 374
279 374
285 374
300 374
328 374
350 374
218 375
253 375
255 375
266 375
284 375
285 375
292 375
315 375
342 375
218 376
222 376
289 376
319 376
218 377
240 377
242 377
248 377
260 377
269 377
277 377
292 377
306 377
212 378
232 378
276 378
307 378
310 378
319 378
360 378
373 378
202 379
225 379
227 379
241 379
284 379
285 379
300 379
332 379
352 379
206 380
227 380
230 380
249 380
252 380
279 380
297 380
325 380
330 380
375 380
377 380
378 380
207 381
248 381
309 381
314 381
321 381
355 381
357 381
378 381
205 382
209 382
239 382
275 382
325 382
329 382
330 382
370 382
378 382
224 383
225 383
310 383
336 383
374 383
225 384
249 384
260 384
313 384
319 384
338 384
341 384
377 384
378 384
204 385
241 385
259 385
273 385
284 385
291 385
322 385
326 385
334 385
364 385
369 385
373 385
204 386
246 386
295 386
318 386
327 386
347 386
360 386
214 387
215 387
225 387
226 387
227 387
228 387
238 387
241 387
305 387
323 387
327 387
333 387
385 387
207 388
246 388
254 388
287 388
318 388
342 388
346 388
374 388
246 389
306 389
334 389
356 389
367 389
388 389
201 390
217 390
223 390
243 390
282 390
322 390
351 390
357 390
365 390
382 390
201 391
225 391
250 391
271 391
306 391
308 391
366 391
387 391
220 392
224 392
236 392
245 392
261 392
277 392
288 392
314 392
294 393
329 393
342 393
359 393
381 393
204 394
209 394
235 394
240 394
273 394
274 394
325 394
332 394
336 394
342 394
345 394
377 394
390 394
218 395
266 395
274 395
275 395
323 395
334 395
348 395
365 395
211 396
216 396
218 396
234 396
264 396
277 396
299 396
314 396
349 396
350 396
369 396
370 396
383 396
393 396
215 397
216 397
223 397
228 397
256 397
267 397
295 397
298 397
306 397
337 397
340 397
364 397
378 397
380 397
211 398
213 398
214 398
306 398
326 398
364 398
365 398
376 398
393 398
291 399
295 399
362 399
372 399
386 399
293 401
345 427
336 429
349 429
217 440
364 442
272 453
368 457
378 461
284 498
286 519
235 524
207 528
306 529
272 534
279 542
225 545
292 551
392 555
362 557
387 557
281 563
248 564
395 565
302 575
223 579
271 595
296 595
371 600
291 602
334 604
288 623
380 625
283 626
240 634
368 635
371 637
277 638
364 641
240 649
280 649
230 657
280 660
320 660
208 666
374 666
307 672
337 672
242 690
365 699
219 703
223 704
302 708
298 709
337 719
370 719
346 722
351 725
333 727
354 729
370 738
325 752
225 760
350 762
327 772
376 772
263 775
219 781
238 784
313 785
374 788
237 789
355 792
370 794
394 796
264 798
354 803
319 807
283 809
379 812
395 814
379 817
313 818
220 824
256 824
299 825
393 830
205 839
232 839
221 862
210 864
305 865
276 866
231 870
282 875
364 877
344 878
356 888
392 890
208 895
252 899
281 906
318 910
208 911
377 920
235 922
273 931
304 933
389 933
325 934
200 941
381 951
303 953
267 954
315 958
308 974
288 983
408 409
406 414
402 415
413 416
401 417
402 417
409 422
410 422
403 423
407 423
415 423
417 423
420 423
418 424
418 425
424 425
406 426
413 427
423 427
422 428
403 429
400 430
427 430
429 430
409 431
416 431
409 433
416 434
419 434
422 434
428 434
433 434
435 436
436 438
423 439
420 440
410 441
418 442
428 442
425 444
432 444
418 445
434 445
437 445
440 445
404 446
406 446
432 446
446 447
403 448
427 448
433 448
410 449
424 449
432 449
439 449
441 449
423 451
448 451
408 452
446 452
414 453
420 453
447 453
451 453
452 453
400 454
407 454
415 454
440 454
417 455
420 455
435 455
450 455
425 456
447 456
455 456
420 457
431 457
432 457
443 457
417 459
423 459
427 459
431 459
414 460
442 460
416 461
423 461
430 461
443 461
457 461
403 462
405 464
419 464
421 464
436 464
437 464
440 464
412 465
437 465
445 465
409 466
410 466
414 466
400 467
407 467
436 467
452 467
461 467
434 468
406 469
409 469
442 469
448 469
421 470
432 470
445 470
419 471
426 471
437 471
453 471
460 471
415 473
417 473
423 473
424 473
452 473
471 473
404 474
428 474
442 474
422 475
435 475
460 475
400 476
439 476
460 476
401 477
416 477
445 477
454 477
462 477
471 477
472 477
413 478
416 478
468 478
425 479
446 479
406 480
408 480
431 480
434 480
436 480
442 480
446 480
453 480
402 481
405 481
413 481
432 481
452 481
465 481
479 481
429 483
431 483
440 483
441 483
417 484
463 484
402 485
405 485
412 485
413 485
417 485
446 485
450 485
470 485
417 486
428 486
432 486
485 486
436 487
455 487
458 487
470 487
482 487
433 488
451 488
463 488
481 488
409 489
437 489
452 489
488 489
423 490
444 490
445 490
406 491
415 491
438 491
467 491
473 491
474 491
407 492
408 492
420 492
438 492
470 492
487 492
424 493
443 493
482 493
400 494
416 495
460 495
467 495
473 495
493 495
424 496
433 496
434 496
442 496
445 496
460 496
472 496
494 496
416 497
427 497
479 497
490 497
475 498
479 498
495 498
410 499
417 499
423 499
452 499
455 499
466 499
450 500
451 500
452 500
460 500
484 500
497 500
402 501
403 501
406 501
479 501
402 502
403 502
414 502
419 502
462 502
472 502
474 502
475 502
490 502
496 502
414 503
428 503
431 503
446 503
450 503
451 503
472 503
404 504
407 504
430 504
444 504
413 505
416 505
435 505
482 505
485 505
500 506
503 506
400 507
403 507
463 507
466 507
469 507
488 507
495 507
403 508
442 508
411 509
431 509
458 509
459 509
482 509
413 510
446 510
456 510
403 511
428 511
462 511
408 512
410 512
421 512
446 512
462 512
408 513
419 513
421 513
431 513
472 513
485 513
508 513
420 514
481 514
483 515
497 515
505 515
411 516
472 516
485 516
503 516
408 517
413 517
450 517
467 517
516 517
481 518
505 518
514 518
403 519
442 519
473 519
474 519
492 519
505 519
507 519
404 520
435 520
443 520
483 520
496 520
504 520
507 520
411 521
448 521
466 521
475 521
506 521
513 521
416 522
441 522
446 522
454 522
465 522
471 522
497 522
504 522
505 522
424 523
428 523
474 523
478 523
498 523
503 523
511 523
404 524
437 524
459 524
477 524
516 524
406 525
441 525
449 525
461 525
475 525
478 525
481 525
492 525
500 525
505 525
511 525
432 526
433 526
440 526
475 526
477 526
501 526
509 526
420 527
499 527
506 527
412 528
413 528
418 528
455 528
458 528
499 528
506 528
407 529
417 529
429 529
463 529
471 529
476 529
477 529
486 529
515 529
416 530
423 530
425 530
439 530
481 530
507 530
509 530
512 530
436 531
454 531
460 531
470 531
416 532
417 532
448 532
476 532
515 532
427 533
477 533
491 533
502 533
510 533
516 533
527 533
532 533
406 534
409 534
422 534
449 534
450 535
470 535
494 535
502 535
401 536
406 536
407 536
423 536
440 536
441 536
466 536
519 536
449 537
465 537
522 537
457 538
460 538
467 538
499 538
430 539
451 539
455 539
499 539
509 539
534 539
401 540
415 540
465 540
416 541
438 541
440 541
467 541
472 541
520 541
527 541
534 541
407 542
420 542
451 542
464 542
473 542
486 542
490 542
499 542
526 542
528 542
538 542
431 543
438 543
445 543
489 543
496 543
528 543
401 544
425 544
480 544
500 544
507 544
533 544
412 545
420 545
422 545
443 545
468 545
470 545
473 545
477 545
480 545
483 545
490 545
541 545
401 546
408 546
415 546
432 546
444 546
481 546
483 546
494 546
517 546
452 547
464 547
481 547
520 547
543 547
414 548
420 548
445 548
451 548
473 548
474 548
486 548
494 548
502 548
503 548
518 548
522 548
401 549
427 549
430 549
508 549
525 549
532 549
422 550
458 550
461 550
466 550
529 550
533 550
400 551
448 551
449 551
472 551
477 551
525 551
416 552
457 552
483 552
491 552
500 552
519 552
545 552
437 553
447 553
492 553
496 553
524 553
526 553
549 553
406 554
442 554
444 554
454 554
468 554
472 554
507 554
514 554
541 554
426 555
435 555
449 555
476 555
482 555
510 555
522 555
544 555
405 556
461 556
478 556
494 556
420 557
447 557
537 557
544 557
409 558
482 558
510 558
519 558
527 558
528 558
535 558
410 559
413 559
415 559
417 559
424 559
446 559
468 559
496 559
505 559
527 559
529 559
535 559
403 560
406 560
407 560
409 560
433 560
490 560
493 560
534 560
454 561
455 561
480 561
486 561
505 561
528 561
530 561
531 561
407 562
429 562
442 562
451 562
479 562
512 562
535 562
401 563
408 563
410 563
411 563
419 563
438 563
465 563
469 563
483 563
528 563
542 563
546 563
406 564
409 564
429 564
464 564
478 564
413 565
418 565
451 565
462 565
469 565
479 565
514 565
530 565
531 565
541 565
542 565
548 565
551 565
405 566
434 566
437 566
442 566
451 566
461 566
467 566
480 566
486 566
492 566
501 566
508 566
539 566
556 566
408 567
429 567
491 567
565 567
474 568
478 568
497 568
498 568
508 568
512 568
556 568
567 568
401 569
402 569
438 569
440 569
459 569
469 569
409 570
438 570
448 570
464 570
510 570
549 570
559 570
405 571
429 571
433 571
454 571
513 571
557 571
485 572
513 572
531 572
560 572
567 572
407 573
420 573
451 573
476 573
484 573
488 573
490 573
495 573
528 573
532 573
545 573
548 573
562 573
566 573
404 574
411 574
416 574
423 574
427 574
443 574
479 574
506 574
538 574
413 575
426 575
446 575
469 575
471 575
500 575
529 575
404 576
407 576
425 576
453 576
460 576
478 576
479 576
491 576
506 576
508 576
522 576
558 576
562 576
567 576
570 576
401 577
402 577
419 577
429 577
448 577
453 577
470 577
534 577
541 577
543 577
544 577
455 578
469 578
513 578
414 579
421 579
438 579
524 579
545 579
413 580
425 580
457 580
469 580
480 580
482 580
494 580
495 580
513 580
539 580
553 580
569 580
418 581
428 581
507 581
557 581
563 581
571 581
574 581
417 582
493 582
553 582
555 582
565 582
418 583
454 583
477 583
494 583
513 583
524 583
535 583
537 583
560 583
571 583
572 583
576 583
413 584
423 584
428 584
436 584
457 584
501 584
520 584
522 584
423 585
448 585
488 585
507 585
518 585
531 585
534 585
538 585
567 585
406 586
454 586
469 586
481 586
506 586
539 586
540 586
557 586
562 586
585 586
417 587
425 587
427 587
475 587
488 587
489 587
495 587
518 587
520 587
523 587
546 587
574 587
581 587
583 587
405 588
438 588
450 588
451 588
461 588
497 588
507 588
516 588
565 588
410 589
417 589
434 589
455 589
469 589
515 589
544 589
551 589
564 589
571 589
582 589
588 589
451 590
465 590
475 590
477 590
497 590
540 590
545 590
573 590
406 591
419 591
443 591
459 591
505 591
510 591
521 591
573 591
584 591
401 592
404 592
412 592
417 592
536 592
552 592
564 592
583 592
405 593
430 593
433 593
447 593
455 593
467 593
516 593
539 593
583 593
588 593
408 594
419 594
431 594
481 594
494 594
533 594
554 594
570 594
575 594
579 594
411 595
431 595
434 595
437 595
439 595
449 595
460 595
475 595
488 595
505 595
510 595
519 595
521 595
546 595
551 595
561 595
586 595
590 595
412 596
420 596
478 596
481 596
484 596
488 596
506 596
518 596
527 596
565 596
571 596
595 596
402 597
439 597
461 597
480 597
492 597
501 597
538 597
566 597
594 597
595 597
413 598
431 598
449 598
461 598
463 598
489 598
519 598
552 598
561 598
565 598
568 598
579 598
585 598
591 598
594 598
597 598
404 599
419 599
434 599
448 599
504 599
514 599
536 599
571 599
583 599
590 599
511 602
500 617
404 622
554 636
509 651
449 652
410 654
492 659
588 683
470 688
594 702
424 707
592 720
408 736
586 737
523 738
477 744
545 746
407 757
597 759
555 760
461 764
448 778
421 779
557 794
492 798
455 812
515 816
409 823
473 826
538 829
504 831
469 844
428 848
576 878
490 880
534 880
437 886
503 904
414 910
465 910
521 916
454 919
546 921
459 929
455 936
491 936
580 940
506 941
467 942
581 961
549 977
585 987
463 988
454 993
415 996
445 996
527 996
606 607
608 609
603 612
601 614
612 617
617 619
615 621
618 621
620 622
616 624
623 624
606 626
617 626
621 627
616 628
620 628
613 630
623 630
610 631
629 631
628 632
629 633
601 634
622 634
633 634
600 635
601 635
613 635
609 636
629 636
606 637
608 637
627 637
610 638
614 638
613 639
615 639
631 639
604 641
607 641
630 641
628 643
600 644
601 644
602 644
603 644
628 644
633 644
602 645
605 646
608 646
617 646
620 646
644 646
624 647
633 647
643 648
626 649
627 649
607 651
642 651
613 652
623 652
639 653
643 653
615 654
635 654
603 655
639 655
644 655
610 656
620 656
629 656
630 656
638 656
644 656
650 656
653 656
629 657
633 657
638 657
655 657
607 658
622 658
636 658
613 659
637 660
652 660
606 661
617 661
623 661
644 661
645 661
651 661
619 662
636 662
608 663
616 663
645 663
608 664
621 664
652 664
658 664
647 665
612 666
617 666
624 666
625 666
644 666
617 667
628 667
635 667
660 667
664 667
644 668
649 668
663 668
600 669
605 669
609 669
629 669
646 669
651 669
667 669
611 670
616 670
636 670
613 671
643 671
625 672
640 672
663 672
669 672
670 672
634 673
670 673
612 674
618 674
621 674
637 674
664 675
668 675
600 676
617 676
653 676
663 676
665 676
614 677
621 677
630 677
641 677
644 677
645 677
638 678
641 678
643 678
664 678
631 679
636 679
643 679
663 679
676 679
616 680
617 680
620 680
623 680
656 680
659 681
611 682
656 682
662 682
671 682
672 682
605 683
616 683
618 683
660 683
632 684
654 684
618 685
650 685
679 685
620 686
626 686
681 686
683 686
641 687
653 687
668 687
619 688
620 688
621 688
633 688
642 688
658 688
660 688
667 688
677 688
613 689
614 689
632 689
665 689
682 689
607 690
667 690
608 691
615 691
647 691
657 691
659 691
678 691
600 692
607 692
610 692
638 692
660 692
672 692
685 692
601 693
615 693
643 693
660 693
662 693
603 694
613 694
616 694
635 694
661 694
602 695
605 695
610 695
630 695
662 695
666 695
676 695
678 695
690 695
616 696
660 696
662 696
695 696
601 697
620 697
622 697
626 697
628 697
638 697
679 697
684 697
694 697
605 698
607 698
614 698
625 698
659 698
684 698
692 698
608 699
613 699
655 699
656 699
654 700
659 700
681 700
686 700
600 701
604 701
634 701
639 701
648 701
660 701
684 701
603 702
606 702
663 702
666 702
669 702
673 702
682 702
689 702
605 703
614 703
637 703
642 703
643 703
646 703
648 703
678 703
614 704
618 704
637 704
641 704
671 704
692 704
698 704
602 705
628 705
631 705
636 705
643 705
657 705
665 705
674 705
675 705
678 705
688 705
604 706
606 706
620 706
625 706
647 706
649 706
676 706
614 707
644 707
663 707
681 707
687 707
699 707
604 708
610 708
635 708
642 708
661 708
675 708
625 709
673 709
704 709
601 710
635 710
650 710
656 710
694 710
703 710
605 711
609 711
615 711
621 711
680 711
698 711
612 712
647 712
662 712
671 712
690 712
699 712
700 712
602 713
636 713
640 713
669 713
673 713
703 713
640 714
659 714
695 714
606 715
623 715
702 715
706 715
713 715
601 716
614 716
634 716
645 716
657 716
681 716
701 716
706 716
710 716
606 717
610 717
617 717
625 717
670 717
681 717
682 717
699 717
602 718
614 718
619 718
646 718
657 718
661 718
683 718
622 719
625 719
660 719
666 719
672 719
679 719
697 719
714 719
617 720
625 720
627 720
634 720
635 720
704 720
709 720
626 721
629 721
634 721
669 721
694 721
647 722
679 722
717 722
618 723
644 723
645 724
659 724
662 724
695 724
723 724
632 725
651 725
677 725
701 725
705 725
708 725
630 726
652 726
602 727
618 727
665 727
667 727
693 727
712 727
725 727
606 728
616 728
678 728
707 728
726 728
622 729
628 729
647 729
650 729
660 729
644 730
654 730
655 730
660 730
610 731
618 731
660 731
673 731
698 731
704 731
609 732
620 732
629 732
637 732
645 732
648 732
669 732
698 732
702 732
705 732
621 733
660 733
684 733
725 733
626 734
678 734
683 734
684 734
691 734
712 734
636 735
637 735
660 735
669 735
706 735
707 735
615 736
639 736
654 736
674 736
687 736
695 736
698 736
705 736
706 736
716 736
735 736
603 737
609 737
622 737
631 737
635 737
664 737
671 737
716 737
735 737
600 738
606 738
615 738
621 738
631 738
659 738
660 738
687 738
602 739
611 739
614 739
643 739
672 739
690 739
703 739
710 739
738 739
640 740
651 740
665 740
684 740
712 740
736 740
636 741
689 741
702 741
703 741
705 741
606 742
648 742
655 742
700 742
608 743
615 743
630 743
647 743
679 743
705 743
712 743
730 743
603 744
608 744
611 744
622 744
630 744
667 744
668 744
677 744
686 744
690 744
720 744
726 744
734 744
736 744
608 745
645 745
696 745
697 745
728 745
611 746
615 746
639 746
665 746
684 746
733 746
737 746
738 746
609 747
631 747
639 747
645 747
729 747
621 748
641 748
652 748
679 748
683 748
614 749
624 749
626 749
651 749
702 749
602 750
620 750
630 750
637 750
645 750
669 750
671 750
685 750
706 750
715 750
737 750
743 750
617 751
629 751
646 751
657 751
701 751
738 751
744 751
602 752
614 752
646 752
648 752
650 752
667 752
601 753
614 753
619 753
650 753
690 753
693 753
702 753
735 753
619 754
623 754
641 754
695 754
708 754
712 754
683 755
697 755
716 755
723 755
732 755
747 755
750 755
610 756
617 756
622 756
646 756
648 756
668 756
705 756
723 756
646 757
648 757
659 757
662 757
664 757
674 757
675 757
600 758
623 758
627 758
630 758
635 758
644 758
652 758
657 758
662 758
687 758
716 758
737 758
718 759
605 760
660 760
682 760
691 760
706 760
707 760
753 760
612 761
647 761
716 761
757 761
637 762
672 762
679 762
680 762
691 762
692 762
695 762
730 762
737 762
749 762
683 763
714 763
739 763
743 763
606 764
610 764
615 764
624 764
651 764
665 764
701 764
748 764
762 764
640 765
644 765
667 765
704 765
714 765
724 765
727 765
744 765
753 765
621 766
636 766
641 766
672 766
682 766
689 766
731 766
615 767
649 767
697 767
702 767
714 767
717 767
736 767
604 768
688 768
740 768
601 769
631 769
632 769
651 769
664 769
686 769
691 769
699 769
704 769
706 769
715 769
726 769
728 769
731 769
736 769
644 770
670 770
702 770
711 770
747 770
628 771
650 771
657 771
661 771
675 771
699 771
708 771
712 771
604 772
610 772
641 772
660 772
682 772
684 772
717 772
754 772
759 772
625 773
644 773
648 773
658 773
709 773
716 773
760 773
617 774
663 774
664 774
679 774
701 774
703 774
708 774
739 774
751 774
760 774
625 775
630 775
632 775
639 775
645 775
702 775
736 775
758 775
764 775
771 775
774 775
608 776
631 776
654 776
665 776
678 776
719 776
731 776
749 776
756 776
673 777
686 777
716 777
724 777
729 777
733 777
754 777
764 777
603 778
604 778
663 778
671 778
704 778
708 778
719 778
759 778
769 778
775 778
607 779
612 779
635 779
642 779
644 779
652 779
657 779
663 779
670 779
673 779
699 779
723 779
618 780
669 780
676 780
677 780
690 780
700 780
717 780
728 780
769 780
770 780
778 780
605 781
614 781
634 781
677 781
714 781
721 781
747 781
605 782
610 782
640 782
649 782
653 782
663 782
664 782
715 782
733 782
751 782
779 782
600 783
633 783
641 783
671 783
679 783
762 783
766 783
623 784
647 784
648 784
666 784
689 784
716 784
761 784
767 784
773 784
775 784
783 784
642 785
704 785
710 785
712 785
725 785
727 785
729 785
733 785
765 785
607 786
611 786
615 786
618 786
623 786
670 786
675 786
677 786
679 786
702 786
705 786
724 786
737 786
739 786
779 786
606 787
622 787
631 787
641 787
668 787
678 787
679 787
693 787
700 787
708 787
723 787
742 787
779 787
612 788
625 788
640 788
683 788
694 788
701 788
718 788
742 788
771 788
779 788
780 788
787 788
622 789
636 789
640 789
651 789
655 789
658 789
661 789
673 789
678 789
706 789
711 789
715 789
725 789
727 789
734 789
782 789
626 790
653 790
702 790
728 790
738 790
746 790
759 790
615 791
648 791
678 791
691 791
695 791
738 791
739 791
753 791
600 792
601 792
633 792
647 792
648 792
682 792
698 792
708 792
721 792
725 792
736 792
747 792
750 792
600 793
637 793
677 793
680 793
683 793
732 793
737 793
753 793
761 793
607 794
616 794
619 794
630 794
656 794
677 794
723 794
759 794
766 794
780 794
612 795
614 795
637 795
667 795
675 795
697 795
726 795
729 795
735 795
742 795
791 795
792 795
609 796
622 796
631 796
648 796
649 796
650 796
658 796
680 796
684 796
705 796
710 796
712 796
737 796
759 796
786 796
614 797
618 797
632 797
642 797
650 797
704 797
710 797
739 797
747 797
793 797
606 798
609 798
613 798
627 798
684 798
709 798
715 798
727 798
738 798
746 798
767 798
779 798
601 799
616 799
647 799
648 799
651 799
682 799
715 799
716 799
732 799
788 799
630 801
745 803
799 803
706 808
603 809
601 815
700 825
719 827
645 830
789 839
782 841
635 845
777 853
722 855
652 859
620 863
739 866
747 870
680 871
659 876
724 884
750 890
614 904
631 904
648 915
743 926
611 935
799 945
737 946
781 950
768 958
729 966
747 966
726 974
658 976
684 983
704 983
601 999
800 801
800 802
803 806
800 812
805 814
805 816
802 817
801 818
802 818
804 819
819 821
805 822
814 822
806 825
822 825
800 826
808 827
813 827
805 829
808 829
826 830
805 831
814 832
815 832
817 832
820 832
825 832
801 833
811 833
825 834
832 835
834 835
819 836
830 836
805 837
810 837
819 838
800 839
810 839
819 839
820 839
836 839
803 840
812 840
831 840
802 841
824 841
805 843
834 843
809 844
823 844
803 845
819 845
825 845
834 845
842 845
800 846
803 846
816 846
839 846
840 846
842 846
820 847
825 847
829 847
822 848
836 848
846 848
804 849
810 849
824 849
825 849
827 849
800 850
814 851
837 851
835 852
819 853
805 854
845 854
813 855
826 855
839 855
822 856
854 857
837 858
857 859
858 859
829 860
833 860
837 860
846 861
855 861
859 861
807 862
812 863
824 863
850 863
804 864
812 864
825 864
810 865
839 865
813 866
860 866
803 867
824 867
842 867
851 868
854 868
857 868
860 868
866 868
807 869
810 870
832 870
836 870
852 870
862 871
812 873
816 873
817 873
825 873
851 873
854 873
801 874
809 874
857 874
860 874
816 875
821 875
824 875
868 875
831 876
833 876
862 876
873 876
874 876
815 877
833 877
835 877
860 877
830 878
848 878
851 878
856 878
873 878
835 879
858 879
824 880
834 880
842 880
868 881
804 882
828 882
847 882
852 882
856 882
867 882
828 883
838 883
863 883
874 884
818 885
824 885
841 885
867 885
869 885
882 885
883 885
808 886
809 886
813 886
847 886
851 886
852 886
829 887
847 887
850 887
857 887
876 887
881 887
882 887
801 888
802 888
840 888
846 888
852 888
885 889
827 890
855 890
881 890
818 891
830 891
835 891
849 891
855 891
827 892
830 892
839 892
852 892
854 892
813 893
815 893
818 893
828 893
836 893
873 893
890 893
819 894
825 894
839 894
822 895
833 895
837 895
854 895
863 895
869 895
875 895
824 896
829 896
847 896
878 896
882 896
850 897
851 897
867 897
882 897
815 898
827 898
835 898
838 898
852 898
837 899
821 900
842 900
859 900
804 901
817 901
839 901
852 901
853 901
892 901
801 902
819 902
869 902
864 903
867 903
893 903
900 903
806 904
820 904
830 904
844 904
869 904
898 904
899 904
823 905
850 905
827 906
833 906
835 906
857 906
877 906
885 906
817 907
831 907
840 907
846 907
858 907
862 907
879 907
882 907
897 907
801 908
806 908
830 908
836 908
850 908
853 908
883 908
885 908
886 908
898 908
810 909
821 909
831 909
862 909
907 909
804 910
817 910
820 910
841 910
843 910
845 910
847 910
854 910
862 910
880 910
894 910
813 911
815 911
887 911
893 911
813 912
817 912
856 912
864 912
872 912
884 912
902 912
868 913
889 913
803 914
805 914
862 914
864 914
875 914
896 914
913 914
818 915
894 915
914 915
825 916
831 916
852 916
906 916
803 917
805 917
814 917
866 917
879 917
896 917
912 917
800 918
821 918
823 918
871 918
809 919
852 919
868 919
876 919
877 919
889 919
814 920
835 920
839 920
844 920
892 920
896 920
900 920
915 920
800 921
809 921
887 921
905 921
915 921
917 921
809 922
813 922
851 922
854 922
867 922
873 922
875 922
915 922
810 923
849 923
889 923
805 924
811 924
822 924
833 924
878 924
915 924
825 925
855 925
856 925
867 925
869 925
898 925
914 925
807 926
819 926
824 926
861 926
900 926
903 926
806 927
825 927
867 927
906 927
907 927
840 928
848 928
849 928
924 928
817 929
824 929
864 929
887 929
896 929
899 929
912 929
922 929
829 930
842 930
843 930
847 930
851 930
855 930
884 930
903 930
801 931
817 931
831 931
853 931
854 931
881 931
909 931
801 932
833 932
842 932
843 932
845 932
863 932
873 932
916 932
923 932
930 932
805 933
808 933
823 933
839 933
846 933
851 933
874 933
876 933
894 933
898 933
803 934
820 934
851 934
858 934
912 934
818 935
833 935
839 935
869 935
876 935
887 935
899 935
900 935
930 935
801 936
804 936
817 936
823 936
830 936
863 936
867 936
883 936
892 936
911 936
925 936
929 936
933 936
805 937
841 937
852 937
902 937
928 937
814 938
852 938
858 938
862 938
879 938
898 938
933 938
801 939
826 939
868 939
910 939
936 939
823 940
860 940
881 940
906 940
936 940
802 941
818 941
820 941
832 941
853 941
870 941
871 941
874 941
890 941
900 941
908 941
814 942
823 942
868 942
888 942
915 942
828 943
851 943
865 943
908 943
913 943
940 943
941 943
806 944
810 944
826 944
851 944
861 944
875 944
902 944
917 944
801 945
851 945
855 945
876 945
899 945
902 945
931 945
802 946
804 946
818 946
835 946
847 946
849 946
905 946
911 946
925 946
832 947
862 947
906 947
934 947
811 948
826 948
877 948
888 948
937 948
819 949
841 949
857 949
876 949
894 949
914 949
917 949
932 949
813 950
816 950
873 950
895 950
898 950
806 951
809 951
815 951
816 951
823 951
833 951
854 951
860 951
890 951
899 951
905 951
828 952
850 952
884 952
900 952
947 952
805 953
842 953
848 953
860 953
869 953
937 953
806 954
814 954
828 954
857 954
893 954
846 955
847 955
863 955
878 955
916 955
950 955
822 956
827 956
840 956
842 956
867 956
891 956
809 957
833 957
856 957
908 957
910 957
921 957
931 957
946 957
953 957
814 958
820 958
889 958
900 958
919 958
927 958
932 958
934 958
852 959
872 959
876 959
921 959
927 959
823 960
833 960
851 960
859 960
890 960
891 960
921 960
926 960
929 960
943 960
948 960
951 960
959 960
834 961
858 961
872 961
894 961
805 962
925 962
945 962
949 962
959 962
838 963
862 963
903 963
932 963
959 963
813 964
839 964
843 964
849 964
879 964
883 964
933 964
952 964
813 965
818 965
838 965
870 965
879 965
944 965
953 965
801 966
892 966
912 966
913 966
929 966
951 966
964 966
825 967
838 967
852 967
901 967
937 967
942 967
951 967
962 967
853 968
880 968
888 968
940 968
804 969
821 969
825 969
833 969
843 969
922 969
958 969
962 969
809 970
819 970
910 970
939 970
957 970
964 970
967 970
819 971
824 971
848 971
869 971
888 971
917 971
935 971
843 972
869 972
893 972
924 972
939 972
954 972
965 972
830 973
851 973
965 973
805 974
847 974
864 974
867 974
883 974
814 975
819 975
822 975
831 975
858 975
861 975
896 975
912 975
916 975
921 975
967 975
969 975
841 976
848 976
864 976
869 976
888 976
921 976
940 976
803 977
804 977
811 977
818 977
915 977
950 977
974 977
813 978
819 978
832 978
839 978
859 978
924 978
933 978
956 978
975 978
806 979
807 979
857 979
858 979
859 979
877 979
880 979
885 979
909 979
959 979
839 980
850 980
865 980
874 980
893 980
910 980
925 980
948 980
961 980
803 981
826 981
827 981
869 981
900 981
928 981
947 981
961 981
965 981
970 981
978 981
818 982
897 982
912 982
927 982
934 982
940 982
957 982
833 983
902 983
933 983
946 983
952 983
953 983
954 983
956 983
844 984
858 984
907 984
913 984
962 984
806 985
823 985
848 985
849 985
860 985
868 985
876 985
895 985
936 985
937 985
800 986
810 986
836 986
851 986
878 986
882 986
967 986
969 986
975 986
807 987
835 987
841 987
880 987
915 987
934 987
963 987
970 987
973 987
803 988
852 988
859 988
905 988
961 988
962 988
979 988
984 988
853 989
872 989
897 989
906 989
909 989
929 989
955 989
960 989
972 989
983 989
802 990
820 990
823 990
831 990
836 990
871 990
874 990
903 990
926 990
941 990
950 990
959 990
961 990
964 990
829 991
844 991
864 991
879 991
884 991
897 991
917 991
944 991
954 991
967 991
801 992
818 992
819 992
822 992
839 992
868 992
880 992
917 992
928 992
931 992
953 992
963 992
808 993
855 993
861 993
880 993
883 993
900 993
907 993
913 993
936 993
950 993
952 993
953 993
964 993
970 993
987 993
945 994
948 994
984 994
829 995
848 995
854 995
862 995
875 995
901 995
911 995
922 995
937 995
948 995
954 995
983 995
992 995
816 996
825 996
853 996
899 996
901 996
927 996
936 996
950 996
965 996
980 996
813 997
818 997
825 997
832 997
879 997
918 997
930 997
956 997
977 997
992 997
803 998
805 998
808 998
809 998
819 998
820 998
828 998
856 998
900 998
917 998
965 998
825 999
828 999
830 999
849 999
850 999
866 999
868 999
881 999
892 999
914 999
917 999
943 999
961 999
969 999
981 999
